360471128001
360470902001
360471164003
360470570002
360470591003
360470762002
360610291005
360470988001
360470175001
360610128001
360810928001
360810531001
360810717014
360810025003
360470442001
360470511002
360470526003
360470529003
360810087003
360810245003
360810437023
360811277001
360470816001
360470862001
360470305003
360850208061
360810945000
360810997031
360811093001
360810464001
360810846011
360610159003
360810511001
360850170112
360050264001
360811459003
360050289003
360850096011
360050266012
360050267013
360050295004
360610067004
360470339002
360810143002
360850207023
360050093014
360050462083
360050185011
360810892012
360810375011
360810849021
360050233022
360050283001
360810552002
360470417003
360810112002
360470496003
360470501003
360470047001
360470397003
360470287001
360470167003
360470171001
360610235014
360850027001
360850050002
360810006002
360810028002
360470296004
360050216011
360050133001
360850169012
360050149001
360050044004
360470136004
360470145002
360470277004
360810553002
360810045001
360810053003
360810059003
360471134001
360471164002
360470526001
360470527004
360470534002
360471128002
360811467001
360050424002
360850189023
360470734002
360470197004
360470418002
360050056003
360050223001
360810118002
360470041003
360050407013
360610269006
360470429001
360811247003
360610073006
360850146081
360810309061
360810471002
360610002020
360610125001
360610120003
360610142005
360610098003
360610144022
360610158021
360610113001
360610198001
360610160012
360610130003
360610119001
360610271003
360610063001
360610067001
360610088001
360610016002
360610229003
360610058001
360610174012
360610006002
360610077003
360610130001
360610071001
360610112031
360610081004
360610179004
360610171003
360610124001
360610128002
360610271002
360610236001
360610271005
360610251002
360610170002
360610239001
360610177002
360610201021
360610193005
360610174011
360610178002
360610185001
360610219001
360610221021
360610149001
360610112011
360610122004
360610193001
360610032002
360610002022
360610018001
360610179003
360610008002
360610018004
360610008003
360610043001
360810865001
360810309051
360810288012
360810972052
360810595012
360810265011
360470594032
360470449012
360470129014
360810531002
360810531003
360810557002
360810582002
360810622002
360810657033
360810713061
360810713064
360810717012
360810757013
360810779033
360810857003
360810065011
360810085001
360810100002
360811291045
360811417004
360811507024
360811579014
360810062011
360810062022
360810069003
360610243021
360610265002
360610273004
360610291006
360610293005
360610299001
360811072011
360810512002
360470870001
360811227032
360810568003
360810281002
360610160022
360610068002
360470678002
360050028002
360810997051
360810511002
360470434001
360050039001
360610178000
360610090005
360610127001
360810163002
360470428003
360470876002
360050456001
360050395001
360470100002
360050462063
360050409002
360470563022
360470341002
360811579024
360610142006
360470363001
360810373002
360470528001
360050411001
360610299003
360470796011
360810465001
360811223002
360050098002
360470096004
360850147003
360050179011
360050277001
360470201003
360050253002
360470018012
360470366003
360610074001
360470137002
360050001001
360470260002
360810273022
360610137006
360470033001
360811291024
360470049001
360470490001
360810287003
360810401022
360471208012
360470886001
360470556003
360470374014
360471166002
360610285004
360470415003
360470256001
360810383011
360471172021
360610007008
360810889021
360610079000
360470163001
360610056001
360470192004
360470377002
360470482003
360610149002
360810589002
360050063011
360470600003
360610144021
360610015013
360810238002
360810587002
360610277001
360610081001
360850244013
360050123001
360850213005
360810192001
360050343001
360470174001
360610253005
360470011001
360470582001
360810170001
360050334001
360811247001
360610133002
360610071002
360470190002
360050184002
360471028011
360810934010
360470430003
360850279004
360610193006
360470195004
360471034021
360610157006
360470255002
360610061003
360810274001
360810373001
360610261004
360810402002
360610172005
360810741004
360470365012
360050210015
360470145004
360050144002
360610228002
360470326002
360610255001
360810713052
360050084002
360810196001
360810928002
360610153024
360470938001
360610090003
360470062003
360050110001
360850279002
360050147012
360470183002
360470696023
360810716001
360810117001
360050165001
360810580004
360470440001
360810650002
360810265021
360050267011
360050442004
360610086031
360470328001
360850011003
360850047001
360850064003
360850075003
360850096012
360850096023
360810044011
360810045003
360810047001
360810054002
360810054003
360810057001
360810059001
360810063003
360810063001
360810249002
360810251002
360810257001
360810260002
360810261004
360810463001
360810468002
360810470001
360810475001
360810480001
360810482001
360810484001
360810489002
360810493022
360810497002
360810266001
360810267002
360810272001
360810275003
360810279001
360810280001
360810283002
360810284002
360810287001
360810291001
360810512003
360810516001
360810517001
360810522001
360810526002
360810536012
360810540002
360810500001
360810504001
360810589001
360810590001
360810591002
360810594001
360810598001
360810600001
360810606001
360810616011
360810616021
360810690001
360810695002
360810697021
360810709001
360810721005
360810721003
360810737001
360810737002
360810739001
360810743003
360810743004
360810745002
360810331001
360811010021
360810621003
360810779022
360810779044
360811133002
360811141001
360811155002
360811171001
360811171003
360811185001
360811189002
360811191002
360811211001
360811215001
360811223001
360811247002
360811257003
360810779042
360810790002
360810792001
360810809002
360810818003
360811267001
360811467003
360811471001
360811479003
360811507013
360811507021
360811529012
360811571012
360850247002
360850248001
360850251001
360810031001
360810036002
360810036001
360810040011
360810297001
360810299001
360810320001
360810328002
360471170002
360471172011
360471176021
360471180001
360471182012
360471184001
360471186001
360471192003
360471192002
360471194001
360471196002
360470046001
360850251003
360850303011
360850323001
360850132031
360810329002
360810330004
360810334012
360810347002
360810351001
360810184011
360810189002
360810190001
360810208002
360810214001
360810229001
360810219001
360810236001
360810240002
360810245002
360470546001
360471202002
360471202001
360810638005
360810149002
360610070024
360610309003
360810288021
360810334051
360810001022
360050462093
360050063015
360050210014
360810171021
360610096002
360610166002
360050281001
360470610044
360610015027
360610033004
360470098002
360470199003
360050087003
360050421001
360470560001
360470317023
360470205003
360610234001
360850226021
360850170142
360850128065
360850040042
360850070023
360850070022
360850070011
360850112014
360050093022
360050516012
360050019021
360050019032
360050484021
360050484013
360050462092
360050061004
360050210017
360050117021
360811151001
360471160002
360810497001
360610073005
360810797024
360810616022
360610126021
360850122004
360810797011
360610116001
360810171011
360810919000
360470834001
360470571002
360050413001
360850187031
360810493011
360850181002
360610094001
360811099001
360050239004
360470142002
360610117001
360470304001
360810892016
360810403012
360610135014
360610117003
360610121021
360810818002
360471198003
360810337002
360810243001
360810568001
360810679003
360850033002
360610171001
360810536011
360810711003
360810779021
360810379003
360810415002
360810846021
360810945002
360050210022
360470504022
360471028021
360610154033
360811097001
360810471001
360810591001
360610224004
360811227035
360810309034
360810306005
360470370004
360470427002
360470570004
360610135013
360810998013
360810840001
360810414002
360610118005
360470290002
360610209011
360610138007
360810245001
360810515001
360810803022
360810448002
360810596001
360811471002
360470964002
360470836001
360470598001
360470171004
360470096003
360610006004
360610114021
360050215024
360050300001
360610112032
360850170121
360850189022
360810142021
360470480002
360810579002
360811441003
360810105003
360610014022
360610089002
360470039002
360050184001
360470452002
360470491004
360810889022
360470493023
360610219003
360470218001
360050449021
360470421002
360811129002
360050195001
360050429023
360470252002
360610245001
360470511003
360811417003
360470686001
360050387002
360811579025
360810884008
360470538002
360470275003
360610235021
360470508043
360810376001
360471078001
360050365022
360470082001
360470518001
360470722002
360470356021
360470388003
360470201002
360050035002
360470232002
360610187006
360610183006
360610165003
360610008004
360470021001
360610077002
360811385013
360610117002
360810483011
360470094012
360810467003
360050405026
360470216002
360470730001
360470786022
360810277023
360850187041
360810809004
360050054003
360810330002
360470101001
360471126002
360470021002
360810907001
360810997041
360470924002
360811072021
360610146025
360610293003
360810105004
360470282003
360610199003
360470527003
360810481001
360610241001
360810155001
360810624001
360470030001
360470508011
360470772001
360610162000
360470447002
360850303021
360610197021
360050245014
360470162002
360610015010
360810263001
360610279002
360610273001
360810942012
360610124002
360810711004
360610181002
360850132032
360810037001
360470288002
360610195000
360470508042
360811551042
360610163001
360050375043
360610153023
360050173003
360810061004
360470284001
360471014001
360811479002
360471126001
360610161003
360610173004
360810489001
360610175006
360610187004
360470319002
360050336021
360470824003
360610212003
360050085001
360050314001
360470139001
360811333004
360810098002
360470836002
360810102002
360050161002
360470888002
360810625002
360810409021
360610255000
360850231001
360050147023
360810863002
360610129010
360471162001
360470882001
360050213021
360470234003
360810269011
360050430002
360470170003
360610245005
360810697012
360610012001
360850187011
360610077001
360810884002
360810460003
360810539021
360470912003
360470533001
360610022012
360470686002
360471120001
360810295002
360470513002
360470193003
360050244001
360050177021
360610188004
360470365021
360850128064
360610218002
360470443002
360810532002
360470445003
360471176022
360470446001
360811163012
360470440002
360810638003
360470746001
360810413002
360470528002
360050277002
360470557002
360470296002
360050149003
360470650002
360470916004
360050041002
360811203001
360610201024
360810253012
360470523003
360811571015
360610006001
360810277021
360810603001
360610106012
360470159001
360470328003
360471130003
360050398001
360471010001
360050516013
360470283001
360470159002
360810972021
360050358007
360470478001
360610273003
360610015023
360470311003
360610060002
360811017005
360810855003
360610008001
360810521001
360610121011
360610182005
360810773002
360810682002
360470648001
360471004001
360470706020
360470369002
360470195003
360810478012
360810058003
360471176012
360470044002
360810337001
360470421004
360050376001
360050132005
360470500012
360471208013
360050197002
360470300001
360470194003
360610225001
360470229001
360470232004
360810455003
360470900002
360810278002
360470553001
360610093005
360050365011
360470160003
360610063002
360050195004
360050181022
360610229004
360471058011
360470039003
360470533002
360610187005
360050093011
360470323001
360810507001
360050266022
360810657032
360810566002
360050147021
360050177011
360050204003
360050210012
360050213012
360050225006
360050267024
360050284001
360050330003
360050458002
360470286004
360470356011
360470551004
360470946002
360471522002
360471130002
360470286002
360470510022
360470924001
360470181003
360810181022
360810613014
360810713033
360810140002
360810062027
360810185021
360810269013
360810440003
360811085002
360810638004
360810884006
360810973000
360811291031
360850133022
360850146072
360850303024
360050002000
360050042005
360050051001
360050193004
360050239003
360050360003
360050358005
360050391006
360050405012
360050050023
360050067003
360050092002
360050251003
360850047002
360850105003
360850125002
360850156011
360810053002
360810057002
360850273012
360810071002
360810166001
360810097003
360810115001
360810118001
360810134001
360610247004
360610283003
360610012003
360610086033
360810149001
360810008001
360810028001
360050393002
360050407011
360050404002
360050145002
360470102003
360470130002
360470136002
360610064005
360470147002
360050279003
360050256001
360050002001
360470726001
360470342002
360470404001
360470414011
360470458001
360610010020
360610144014
360610149003
360610157005
360610170005
360610259002
360470476001
360470486003
360470426001
360470547001
360470642002
360470774001
360610080004
360610106014
360610138006
360610081002
360610195005
360610207012
360610241004
360470754002
360470764002
360470918002
360470934001
360471006002
360470431003
360470439003
360470505002
360470551002
360470820001
360470826003
360470870002
360470742001
360810034002
360810293001
360810339001
360810220013
360810568004
360810863001
360810928003
360810255001
360810261002
360471122002
360470878002
360470900007
360471156001
360810281003
360810512001
360810538002
360810731002
360810747001
360810788001
360810545001
360810368002
360810404003
360810461001
360810840004
360811441004
360810991004
360470554002
360470572002
360470594022
360470249004
360470253002
360470260001
360811097003
360810463002
360810485001
360810506001
360810612002
360811159001
360811195001
360811447001
360470264004
360470296001
360470301003
360470307002
360470315001
360470329001
360470274001
360810619001
360810656002
360810558002
360811621004
360471172012
360471192001
360470045004
360470283002
360470361003
360470373003
360470391001
360470058003
360470063001
360470065006
360470159003
360470169005
360050098004
360050119002
360050449022
360050224012
360050368001
360470204001
360470213002
360470216001
360470235001
360050121021
360050378002
360050250002
360470183003
360470067003
360470075001
360470098004
360050297001
360050385002
360050287001
360050255003
360811417001
360050064001
360050118001
360470472003
360470680001
360810499002
360810510002
360470177001
360050383041
360850319012
360850029004
360050215023
360811133001
360610050005
360810518001
360470912002
360810170002
360050083001
360811032013
360470409001
360050421003
360810799002
360810424002
360050274014
360470355002
360810262001
360470185013
360470782002
360850081001
360810972051
360610155020
360610134009
360470051003
360470374021
360610016004
360050054002
360470556001
360810585001
360810110001
360810620001
360810188001
360610047001
360471182021
360470314011
360610243011
360610168002
360610133004
360850226023
360610203002
360470126002
360471026001
360470104012
360810062026
360470758001
360470758002
360470001002
360470003014
360470007001
360470009002
360470022002
360470550003
360470393003
360470394001
360470396001
360470220001
360470222001
360470227003
360470227001
360470229004
360470231001
360470233003
360470236004
360470238002
360470176001
360470029011
360470030002
360470036001
360470036002
360470242001
360470244001
360050197001
360050371004
360050420003
360470553003
360470554001
360470555001
360470562002
360470564001
360470565001
360470568001
360050240001
360050285001
360050351001
360050399012
360050415001
360050413003
360050392001
360050442002
360050419004
360050414003
360050408001
360050388002
360050409001
360050350001
360050324001
360050323002
360050067002
360050027012
360470453001
360470454002
360470458002
360470462012
360470462022
360470470002
360470472002
360470476002
360470568002
360470573003
360470575004
360470578001
360470584002
360470586001
360470586002
360470591002
360470592001
360470593001
360470527005
360470529001
360470533003
360470534003
360050041001
360470100004
360470101003
360470110002
360470112001
360470112002
360470118002
360470118001
360470122003
360470127002
360470128011
360470129013
360470131002
360470131001
360470134001
360470135001
360470137003
360470139002
360470140002
360470477001
360470477002
360470478003
360470484001
360470484003
360470488003
360470488002
360470490002
360470491002
360470494001
360470495003
360470496002
360470497002
360470499002
360470143001
360470143002
360470145003
360470746002
360470752001
360470760003
360470760001
360470764001
360470908002
360470908001
360470918001
360470922002
360470297001
360470298001
360470302001
360470303003
360470304002
360470307003
360470311002
360470315003
360470315002
360470928002
360470936001
360470944012
360470950001
360470964001
360470968002
360470970002
360470988002
360470990001
360470996001
360470998001
360471012002
360471018001
360471098002
360470317021
360470323003
360470327002
360470328002
360470265004
360470267001
360470269001
360470272003
360470273003
360470275002
360470276002
360470277003
360050194001
360470054001
360470056021
360470059001
360470060003
360470062002
360470063002
360470064002
360470065007
360470065003
360470151003
360470153001
360050079002
360050215011
360050407023
360050300003
360050283002
360050256002
360050263002
360050386001
360050277003
360050115021
360470157001
360470157003
360470159005
360470161003
360470162001
360470165004
360470167004
360470168001
360470169001
360470171002
360470172002
360050269001
360050370002
360050273001
360050248003
360050422001
360050161001
360050390001
360050393001
360050264002
360050264003
360050193001
360050166001
360470180002
360470182001
360470183001
360470184001
360470186001
360470191001
360810601002
360850279003
360050363002
360470078002
360850008003
360610093004
360470009001
360050232001
360050004003
360050016004
360050039005
360050042003
360050039003
360050383012
360050405011
360050344002
360050356002
360050364003
360050374003
360050376002
360050380004
360050381005
360050392002
360050393006
360050399013
360050399014
360050401005
360050403031
360050405023
360050407024
360050413005
360050414002
360050414004
360050274011
360050274012
360050276001
360050056002
360050059022
360050285004
360050287003
360050293010
360050293023
360050300006
360050309001
360050310003
360050319001
360050328003
360050332022
360050337001
360050425006
360050426006
360050434003
360050456003
360050504001
360470005022
360470050003
360811161002
360811227021
360811367004
360811377003
360811385014
360050200003
360050205013
360050206012
360050210013
360050210016
360050210027
360050212003
360050215025
360050216014
360050221011
360050222003
360050223003
360050230002
360050235012
360050237043
360850277061
360850277063
360850291022
360850303023
360610039001
360610177003
360610127002
360610163002
360810309042
360610164003
360810153002
360470067001
360811113001
360810595021
360610087002
360610212001
360610174013
360610010021
360810641021
360810557001
360850114022
360850154001
360810054001
360810124002
360810154001
360810180001
360810113003
360050378001
360050073001
360470116001
360470136003
360810125001
360470349021
360811215003
360810363001
360810264002
360811047001
360850291043
360050386004
360470273002
360810809007
360050060002
360050118002
360810697023
360050065001
360810599001
360610010024
360610135024
360610151013
360610135021
360610155021
360610099032
360610129012
360610099022
360610002024
360610031002
360610070023
360610086013
360610029024
360610069003
360610013005
360610135011
360610125002
360610235015
360610069004
360810001011
360810595022
360810892013
360810273012
360810271011
360610135010
360610210006
360810837005
360810401011
360810849011
360810663021
360610166001
360610137003
360610067003
360610001001
360050224011
360610303003
360470808001
360050020022
360850141002
360850273014
360810559001
360470205001
360470572001
360470243001
360811283001
360811399002
360850319011
360810657021
360810630002
360811047002
360810456001
360850114011
360810547001
360050387003
360610261003
360610062003
360050079004
360470822003
360850138003
360470944011
360610173005
360470402001
360811291041
360470077002
360850006001
360470282001
360050229011
360470092021
360470744001
360050079006
360050119005
360470360011
360810973001
360850097011
360470003011
360470381001
360810052002
360050300005
360470569002
360810368001
360470069021
360810687002
360470530003
360050181012
360810687003
360810320002
360050241001
360471120002
360810954003
360610151023
360050020011
360470898002
360471188002
360610150024
360610197011
360470986002
360050391003
360470403001
360610139005
360470299001
360810972062
360811617004
360810446021
360470543001
360050228001
360471196003
360610100002
360610243013
360470402004
360811267002
360470690002
360610146022
360470920001
360470848002
360470261005
360810934011
360610230002
360050050021
360050205022
360470129021
360470535004
360470033002
360810065012
360470104022
360810019031
360810567004
360050228004
360610065004
360470284003
360811385012
360470750002
360610170001
360470279004
360470317012
360050399015
360050301001
360610098001
360610038006
360610154013
360810548001
360610015011
360050031001
360810540003
360470738002
360810484003
360470498001
360610166006
360810455006
360050335003
360470876001
360470549001
360470888003
360470562001
360810025001
360810379002
360610088003
360470285021
360470329003
360610166004
360470373004
360050397002
360050083005
360050224042
360050396001
360050415004
360810172001
360050253004
360470202002
360050050024
360050179012
360050263003
360050421005
360470549002
360470504012
360810020001
360811347022
360610167000
360810187003
360810729001
360810859001
360470279003
360610124007
360610317033
360050296002
360050383011
360810145002
360050157002
360850036001
360810063002
360810018002
360470148001
360470382001
360811447002
360811032022
360470082002
360470221003
360810947002
360470155001
360810954002
360810179021
360471058041
360610028001
360050426004
360050197005
360470351022
360470424003
360470854002
360810476001
360050070002
360470098003
360470264001
360470272002
360470392001
360470230002
360050418002
360610006003
360470542003
360050462042
360610124005
360610213031
360810521002
360610160011
360810458001
360811451011
360610018005
360470273001
360850128052
360810637002
360810869001
360810329003
360810998011
360470646001
360470682001
360470760002
360470934002
360610243023
360471012001
360470432003
360470437001
360470518002
360470826002
360470700002
360610032007
360610175007
360610020002
360610144024
360610161005
360610181005
360470894001
360471150001
360470580002
360470534001
360610048001
360610066009
360610106020
360470252001
360470261003
360470313001
360470321001
360470270001
360810793001
360810997033
360811529023
360610163005
360610192003
360610236004
360470359001
360470383001
360470395003
360470060002
360470065004
360470160002
360850067001
360850208043
360850146082
360050166002
360050123003
360050218002
360470206002
360470226002
360470176002
360050428002
360050363004
360470185011
360470066001
360470076003
360850319021
360050436002
360050189003
360050233012
360050394001
360050149002
360050221013
360050398002
360050386007
360050405013
360050062005
360050118000
360050177024
360050205023
360050216025
360050273003
360050328004
360470336004
360470561002
360471237001
360470013002
360470199004
360470510023
360470830003
360471144004
360810181023
360811033002
360810479001
360810593001
360811139001
360811463002
360810623001
360810633011
360810548002
360811579031
360471172022
360471186002
360810469022
360811205002
360811008040
360810717021
360810499001
360810328001
360850074001
360850105002
360850121001
360850156012
360810053004
360810059002
360050369012
360050451012
360050070001
360470121002
360470133003
360050369021
360050252001
360050254002
360050027021
360470035001
360470788021
360470792011
360470031011
360470500011
360470504021
360470214003
360470106021
360470314012
360850170091
360810164002
360810101002
360810121001
360810150001
360470339003
360470404002
360470424002
360470462021
360470488001
360810317001
360810238001
360810585002
360470880011
360610108032
360810939002
360810259001
360810287004
360810530002
360810741003
360810779032
360810358003
360810381002
360810457002
360810973002
360610240002
360610238032
360610126013
360610132021
360610029011
360610131003
360610135012
360610153021
360810083002
360050415002
360610194004
360470736003
360470302002
360610072007
360810622001
360470326003
360850213003
360470527006
360050295001
360811277003
360050426002
360470354002
360050399022
360810271013
360050098001
360610091003
360470365011
360850074003
360470984001
360470244003
360810291002
360050063014
360810073003
360470535002
360810062024
360471156003
360810929004
360050160004
360810283001
360610181004
360470207003
360810042003
360610154022
360610230004
360610211002
360470506003
360050373003
360470171003
360850151001
360470314013
360610009001
360610099012
360811459001
360470276003
360050048002
360470433001
360470804001
360470497001
360050431023
360470722001
360610167003
360050212004
360610037003
360610229001
360470425003
360470315004
360810189003
360610150011
360610090007
360810158023
360810731001
360050141003
360470644001
360050380003
360610162002
360470351011
360610022013
360811529013
360810254021
360810505001
360050462051
360810103004
360470054002
360050386006
360850291052
360610195003
360811099002
360810845003
360470331003
360810769012
360470150002
360810524001
360470696011
360810062025
360470003013
360470764003
360610175003
360470049002
360610078001
360810837001
360470222003
360610063005
360471156004
360470045003
360470304003
360610108021
360810317005
360610138009
360610311001
360470250001
360811341003
360470119011
360470526002
360470924003
360610155022
360810124001
360610098002
360810330001
360810916033
360810251001
360610216003
360610076001
360610024000
360810713051
360810184021
360810637001
360470830001
360610066002
360050117012
360811571018
360470094022
360470005021
360471058043
360470191002
360610014021
360050267022
360610249001
360470456001
360470552002
360810713042
360810379001
360811039001
360610007007
360470982002
360470305002
360810103003
360850277053
360810330005
360470114001
360471152003
360470350002
360470260003
360470434003
360050380001
360810665014
360050462053
360050023002
360470574001
360610227003
360470108011
360050343002
360050025002
360050323001
360810664021
360470840002
360810747002
360610180005
360810809001
360610279003
360810513001
360810942022
360610132033
360610157001
360610165004
360470425001
360811163013
360610210005
360470337012
360610191000
360050144003
360470031013
360470405002
360470878001
360470045001
360810479002
360470066002
360470545002
360610044007
360810472003
360810022002
360470790021
360470379001
360050072003
360050361004
360050393003
360470706012
360470069012
360470880012
360610044008
360610044005
360610309005
360610153026
360610121012
360610108022
360610154021
360810892014
360810535011
360810273011
360810409022
360810407023
360810889031
360811347011
360810889032
360811227031
360810007021
360810199011
360810235021
360810539011
360811010032
360810942023
360810007011
360810306003
360810478021
360810664023
360810001021
360810564001
360810567002
360810568002
360810577002
360810580001
360810580002
360810583001
360810583002
360810587003
360810864001
360810884005
360810884001
360810916021
360810922003
360810680004
360810680002
360810682001
360810627001
360810629002
360810635001
360810639002
360810641011
360810646002
360810655011
360810659002
360810660002
360810661001
360810549003
360850096021
360850105004
360850112011
360850112012
360850122001
360850122003
360850132012
360850132011
360850132043
360850133023
360850138001
360810542003
360810545002
360810547002
360810358001
360810361001
360810365002
360810366001
360810367002
360810376005
360810549004
360810551002
360810552001
360810555001
360810556001
360810560002
360810561001
360811571014
360811579022
360811579023
360811617003
360811621001
360811621003
360850277041
360850277042
360850147002
360850151004
360850151005
360850156013
360850156015
360850156023
360850176002
360850176001
360850197002
360850201003
360850223001
360810376004
360810394003
360810394001
360810400002
360810402001
360810411001
360810414001
360810427001
360810439001
360810440002
360810446022
360810452001
360810459002
360810462001
360810818001
360810838002
360810840002
360810840005
360810855001
360810857001
360811291023
360811301002
360811301004
360811339001
360811403001
360811403002
360811429004
360811441002
360810942011
360810942031
360810964002
360810987002
360810991001
360810991003
360811017002
360811059001
360811097002
360850017001
360850009002
360850020011
360850008001
360050367002
360810169001
360850176003
360810450001
360050407012
360470486002
360610129022
360810309062
360850303022
360470511001
360050167002
360811341002
360810276001
360470896003
360810853001
360810182001
360610247002
360610040011
360050448002
360050216024
360810507002
360610050001
360470342003
360810130002
360050378003
360050063013
360050241005
360470333001
360470100003
360610010010
360050016003
360471104002
360811451021
360610253002
360810707002
360810942033
360610070021
360470928003
360810717013
360470430002
360471110002
360050434004
360810481002
360810033021
360810723001
360610038005
360050145003
360470410002
360050340003
360470349023
360470224003
360610118007
360470293001
360810669001
360810981000
360610194003
360610185003
360810618002
360810721002
360610156021
360050160001
360810235012
360850008002
360810627002
360610144012
360810690002
360050201001
360810592001
360810065021
360470220004
360470654002
360610159000
360470317013
360811551041
360810105001
360470860002
360610132013
360470509002
360470190003
360470007002
360470360013
360610129021
360470003015
360610208003
360811367003
360810539013
360050072004
360810291004
360471126003
360470234002
360050307011
360610227001
360470221002
360050173002
360810853004
360810179011
360610075001
360610115002
360050413004
360610079002
360050423003
360470920004
360810220012
360050181011
360810327002
360470508041
360470410001
360050181024
360610173003
360610093007
360050431021
360050115022
360850170123
360050281003
360470544003
360470622002
360470784002
360610078003
360470910002
360610128005
360470254002
360470294001
360470297002
360470277001
360810869002
360810938002
360811032023
360470501002
360810199022
360610079004
360610209012
360850146042
360810273021
360811301003
360610170004
360610233003
360470736001
360470369003
360470551003
360810151002
360610247000
360610160013
360050071002
360850198004
360050296001
360050076002
360470776001
360050033003
360050428001
360610190001
360470632002
360470165002
360470507001
360050330004
360810797012
360050042001
360470822004
360471058044
360810158013
360810253021
360810357003
360470508012
360810739005
360810797023
360810938000
360810998022
360050389003
360050379005
360470696021
360050399025
360050413007
360470088002
360470382003
360470545006
360470702030
360050062002
360050079005
360050132000
360810889023
360470314015
360470022004
360470053021
360471208011
360850170162
360850128051
360050516011
360050019041
360050063021
360610154011
360610144025
360610223022
360610099021
360610087001
360610231002
360850226022
360050431012
360810637004
360810309032
360810664012
360610174021
360610194001
360610080001
360610047002
360050387001
360050228002
360050312002
360610139002
360610119002
360610144013
360610146012
360610146024
360610149004
360610150012
360610156013
360610157008
360610159004
360610162004
360610163000
360610169006
360610171006
360610177007
360610181006
360610183000
360610055013
360610257003
360610299002
360610281002
360610006006
360610317043
360610091002
360610133005
360610161001
360610261005
360610213034
360610231003
360610240001
360610287003
360610037001
360610187000
360610192000
360610199004
360610199006
360610211005
360610219004
360610225000
360610236003
360610240000
360610242001
360610243020
360610024002
360610030013
360610048007
360610018007
360610071005
360610106016
360610152006
360610162005
360610032006
360610039000
360610059002
360610066006
360610066008
360610069000
360610074002
360610075000
360610086012
360610172001
360610179007
360610008005
360610016005
360610022014
360610032005
360610086032
360610088007
360610097004
360610098004
360610110005
360610117000
360610124003
360610127005
360610137005
360610139004
360850177014
360810383020
360050155002
360610177006
360810047002
360471070020
360810018001
360850177013
360850033001
360850201001
360610221022
360811241003
360470224001
360811341001
360610191002
360810484004
360050197004
360810711002
360470051002
360850020021
360050245021
360610210003
360811010045
360810981002
360850226014
360470556002
360810403021
360050449012
360610120004
360470067002
360050342001
360810694002
360610230001
360050394003
360610090006
360470830004
360810889033
360810632001
360610283004
360470798012
360050405024
360050415005
360050129012
360050004002
360050027024
360850213004
360050183012
360470696012
360470702021
360050326001
360050361003
360470706021
360610055011
360810997011
360610255002
360610225003
360610225002
360850128061
360850146063
360850277022
360610082002
360610216004
360610096001
360610041006
360610036022
360610022011
360470610042
360610042003
360610135020
360850170151
360850207022
360850291051
360470493024
360470161004
360811207011
360810413003
360810654011
360810972071
360610048004
360610038002
360470538001
360810694001
360470141011
360470130001
360610060003
360850096022
360470894004
360810232002
360811367006
360470454001
360050273002
360471214001
360810981001
360050175001
360050215021
360050212002
360810401021
360470266003
360050037001
360610158023
360470385004
360050211003
360470149021
360050220001
360050462033
360810159004
360810254012
360471190001
360470798022
360471182011
360050002002
360850128041
360811579011
360470192003
360050028001
360470936002
360470353012
360811157003
360470440003
360050157004
360050216022
360050117020
360050462072
360050200004
360050019011
360050431014
360050323005
360050462031
360610238030
360470786011
360470610023
360470594033
360470594041
360470053011
360470094021
360470300003
360470449022
360470015011
360470493021
360470790011
360810284001
360610275001
360810703002
360610099030
360850070024
360810972043
360810230001
360470592003
360470389003
360610020000
360850244011
360470210002
360850208051
360811032011
360610220003
360610253006
360610285002
360610188001
360610131001
360471098001
360810697024
360810134002
360811008041
360050332021
360810404004
360470491001
360610126022
360610151022
360610151020
360610099011
360610029025
360470159006
360470106012
360050336011
360810040021
360810198002
360810587001
360810919003
360470337011
360610044004
360610132023
360850134001
360850197001
360850277021
360810159001
360810095001
360810264001
360810281004
360810508001
360810741002
360810809006
360810363002
360810460001
360811367005
360810496002
360811157002
360811193002
360810143001
360810024001
360050279001
360050228003
360470130003
360470147001
360050328002
360050289002
360050251002
360811265001
360811529011
360810629003
360810665011
360811617002
360471170001
360471188003
360471220001
360810849012
360810273023
360810713054
360810797013
360810407011
360810235022
360810942021
360470092012
360470788012
360050423002
360610066001
360610097001
360050229012
360470104011
360810864002
360610168003
360470443004
360050071001
360810502011
360471034012
360850097013
360850226013
360850128043
360050431013
360050431022
360810271021
360470505001
360471208021
360610180001
360470417001
360610078007
360810220021
360610126023
360470340001
360470160001
360470327003
360050215013
360810929001
360810664011
360610143001
360470314016
360470362001
360850112042
360470151001
360610299000
360470592002
360050336012
360610044002
360610146023
360810376002
360811017004
360050418003
360050293024
360470258003
360850208031
360850279001
360810291003
360810107010
360850050003
360470492003
360810247001
360810353001
360610079001
360050069004
360050293021
360050309003
360050419006
360470007003
360050119004
360050159001
360050224031
360050300002
360050183013
360810757012
360050217003
360050236002
360050247002
360810871002
360811579015
360810347001
360810454002
360810884007
360811385021
360850003002
360850067002
360850198002
360050451022
360810147001
360850146062
360811617001
360470644002
360610078005
360050430001
360470449021
360810892015
360050328001
360050206011
360470353022
360810892021
360471034011
360050241004
360050056001
360850244021
360610235011
360470238001
360050462055
360610008006
360470355001
360810075003
360050338011
360470566002
360810058002
360470690001
360610030014
360470504011
360610072003
360470108022
360470481003
360811099003
360810137001
360610110001
360810043002
360470220002
360610097003
360470516011
360470575002
360470802002
360050087004
360470810002
360470702011
360610307001
360850021001
360810432001
360610095002
360050458003
360470392002
360050293022
360050035003
360850009001
360810713041
360050403033
360811291044
360050361002
360470589012
360610089003
360610187003
360470674001
360050460002
360610054002
360610065005
360810232003
360470325003
360470610021
360050424001
360610153025
360810466001
360610122002
360050330002
360050267025
360811579034
360470502022
360811059004
360810183002
360610039003
360050383032
360050397001
360050345001
360811333001
360470301001
360850133021
360050164001
360810492011
360810190002
360470335002
360810196002
360610137004
360610005002
360470794001
360050185021
360610091001
360050405022
360810289001
360470537001
360050221022
360470428002
360050266021
360050316002
360470498003
360850170122
360470598002
360810411002
360470018021
360470325001
360850170073
360470163003
360811139002
360810560001
360470798023
360811579012
360610077004
360610120001
360610127003
360610146011
360610014011
360610039004
360610193003
360610114022
360610224002
360610167002
360610168001
360610223011
360610191001
360610055022
360610050002
360610041001
360610093003
360610200002
360610015012
360610159001
360610115001
360610236002
360610193004
360610269005
360610245002
360470862003
360470529002
360470132002
360811417005
360610275002
360610159002
360050020021
360050462081
360610275000
360810053001
360471144002
360610169005
360470910004
360470375003
360470286001
360050462052
360470419001
360470022001
360470608003
360610025000
360610220001
360470122001
360050382002
360610261002
360050222002
360811017007
360610066005
360610007006
360470702012
360470236002
360050267012
360471237002
360050359001
360050361001
360470152001
360610110004
360470139003
360810306002
360610090004
360050119003
360850064002
360810621001
360470078004
360810334011
360470102002
360470335001
360470102001
360050393005
360470245001
360470437003
360810097004
360050157001
360050332012
360810964001
360050426005
360610201023
360470292002
360050042002
360470031012
360810112001
360810102001
360810683003
360610171002
360470740002
360471142012
360850040032
360850213001
360050263004
360811291042
360050043004
360471150003
360470674002
360470772002
360470800003
360470982001
360471006001
360470180001
360050263001
360470075002
360470088001
360050374002
360050239002
360470515001
360470520003
360470552001
360470692002
360470736002
360470742002
360471150002
360471168001
360470594021
360470532002
360470289003
360470295004
360470268003
360470278001
360470041002
360470385003
360470395001
360050248002
360470165001
360470169004
360050225005
360050016001
360470236003
360610075003
360610163004
360610014012
360610106011
360610134006
360610233000
360610241005
360810220011
360810677002
360810540001
360810779041
360810814001
360810439002
360810947001
360811047003
360810608001
360811483002
360811529022
360610180004
360610183003
360610215001
360610265005
360810669002
360810551004
360810556002
360850011002
360850081002
360850156016
360850156021
360810042001
360810055001
360810096001
360810116001
360810002002
360810012002
360050223002
360050372002
360470138001
360050131002
360470241001
360470244002
360470413002
360470420002
360470494004
360610044001
360610153013
360470141021
360470351021
360470018031
360470579011
360810916041
360810972061
360810972070
360850231003
360850070021
360050462082
360050302022
360610144026
360610151011
360610091006
360610024001
360610155011
360610231004
360050135001
360811017006
360050069002
360470417004
360470818002
360470336001
360470589021
360810443011
360610236005
360050087001
360610111003
360470402002
360610178003
360810542001
360470790022
360810907000
360470420001
360050067001
360850114023
360810320003
360471058012
360050218005
360470754001
360050189001
360050222001
360050204002
360850138004
360811033003
360610186001
360050132003
360811008010
360850040041
360810693001
360810031002
360470866002
360470228003
360470398002
360850133011
360810973003
360050223004
360810185011
360050225001
360050215012
360470252003
360470638001
360470199002
360810220023
360470247001
360610247003
360610159007
360810455002
360610018002
360810216011
360470563014
360810493021
360050210026
360470740001
360050415006
360470600001
360050098005
360471058013
360810846012
360610307002
360810618001
360050383031
360470494003
360610182004
360470072001
360610002011
360050245011
360470077001
360810938001
360810639001
360470367002
360810297002
360470257001
360610029012
360470387004
360610140003
360810106001
360810164001
360811047005
360810404001
360810376003
360050044001
360470864001
360471058042
360470266002
360610222001
360810626003
360810045002
360811301001
360470398001
360470527001
360470998002
360050326002
360050067006
360810871001
360810525002
360610169002
360470323002
360470402003
360470279001
360470734001
360610029022
360470706011
360610153011
360610136022
360811227043
360810773003
360811010041
360810469021
360811227022
360810288022
360470092022
360470790023
360470314014
360471098004
360470579021
360850207013
360850273013
360850291053
360050462091
360610153012
360610126011
360610106024
360610155023
360610153022
360610070022
360610151012
360050462062
360050020012
360810407021
360810405021
360810128002
360050200002
360470038001
360850029003
360470414012
360470574002
360470357021
360470200002
360470311001
360810621002
360050444004
360470399002
360610038003
360610311000
360810551001
360470838002
360470117003
360810334032
360610106013
360810892018
360610199000
360810185022
360470872001
360811207012
360810779072
360810187002
360811008042
360811265002
360050422002
360050042004
360470059002
360810111001
360850173001
360470958001
360810853003
360470552003
360050391002
360050425005
360810638001
360610154034
360470257002
360470856001
360811571021
360050429021
360610103001
360810613011
360050373001
360470291001
360610121022
360811429003
360810384001
360610147002
360470309002
360811441001
360470299002
360610028004
360470023002
360810484002
360810671001
360050151002
360810259002
360470292003
360050123005
360610175001
360050279002
360470370002
360610013004
360050309004
360470130004
360470642001
360470438001
360811417002
360470600005
360810181021
360050462041
360470002001
360810757022
360810542004
360810246001
360610109001
360850207011
360810062023
360610062001
360610146014
360810245004
360850291061
360850036002
360610151024
360810024002
360470395002
360470230001
360050051003
360050086002
360810717022
360610145004
360810243003
360610089004
360610213033
360470822002
360470906001
360470908003
360470920002
360470944014
360470956002
360471078003
360471104004
360471144003
360470229003
360470233002
360470375001
360810158021
360810161002
360810181012
360810185012
360810194001
360810253013
360810294005
360810306001
360810357002
360810444002
360810091002
360810125002
360810141002
360810205001
360810251004
360810253022
360810269014
360810294004
360810331000
360810424003
360810437012
360810437022
360810443012
360810443022
360810444003
360810462003
360810473002
360810481004
360810485003
360810997013
360811059003
360811085001
360811171002
360850223003
360470347003
360810267001
360810281001
360810515002
360810697022
360810769021
360810803021
360050239001
360050426001
360470954002
360810294006
360470411002
360470415002
360810366002
360810434001
360810838004
360050287002
360050307014
360470393002
360470666001
360470474001
360470494002
360811367001
360050051002
360050183021
360050252002
360050075004
360050090001
360050147022
360470134003
360470460003
360470768003
360610158022
360610151021
360850132041
360470353021
360610070012
360610069002
360811093002
360050370003
360050399024
360050210025
360050224032
360050237033
360850132033
360850208041
360850291021
360850273011
360810079002
360810174001
360050084001
360050219001
360470212002
360470217001
360470232001
360810086001
360810038002
360810339003
360810212001
360810566001
360050265001
360050414001
360050254001
360470194001
360470071001
360810130001
360810006001
360610008000
360610211004
360050002003
360470546003
360610044003
360610132032
360470045002
360470366002
360470388001
360470153002
360470167002
360850128054
360850029002
360850223002
360811175005
360810446023
360470211003
360810465002
360810495001
360810506002
360810607011
360810271022
360810007012
360810277022
360470305001
360470382002
360470610032
360811193001
360811241002
360811507011
360810656003
360810555002
360050264004
360050340002
360470112004
360470129022
360470138003
360470145001
360470053012
360811008031
360470349012
360470416001
360470501001
360470482002
360050131004
360610111002
360810051001
360470066003
360610317030
360610007002
360850146041
360810547003
360470510021
360610080003
360610138005
360471116002
360470620002
360470545003
360470626002
360050075002
360470928001
360471214002
360810309031
360610217031
360610212002
360050217001
360050265003
360470766001
360470974001
360470436002
360610081003
360470375002
360470153004
360470165003
360850170072
360610251001
360050301002
360050335001
360050063016
360610189003
360610140001
360610177008
360610253001
360610118003
360470786012
360470141022
360470149012
360470353011
360470563012
360470563013
360470163004
360470314021
360470122004
360470106022
360470531021
360470090011
360470300005
360470015012
360470018011
360470053031
360471070021
360470053022
360470015021
360470449011
360470589011
360470094011
360470214002
360471028020
360471208014
360470357011
360610092003
360610126012
360610238043
360610238023
360610238031
360610190002
360610058003
360610040022
360610136011
360610087006
360610099010
360610040023
360610155024
360610087004
360810033011
360470405001
360470413003
360810613021
360810929002
360050348003
360470426002
360470565002
360470596003
360050358004
360050050012
360470264003
360610182003
360610241000
360050065004
360050147011
360810723003
360810085002
360810309041
360810443023
360050429022
360050213022
360050358003
360470218002
360470178002
360050418001
360050162001
360470067005
360470075003
360050213011
360050199003
360610086021
360850146061
360050200001
360610199002
360050093013
360050019040
360610243022
360610261006
360610265003
360610279007
360610291007
360610317032
360610223020
360610080005
360610002025
360610015022
360610030012
360610048006
360610018006
360610064003
360610074003
360610167004
360610170003
360610179006
360610198002
360610010022
360610025002
360610032001
360610144023
360610146013
360610146026
360610149005
360610152003
360610156012
360610157007
360610161004
360610162003
360610164004
360610165005
360610173007
360610175002
360610179001
360610185002
360610213032
360610229005
360610259001
360610307003
360610048002
360610050004
360610059004
360610066007
360610068006
360610072005
360610073001
360610081005
360610081006
360610086030
360610087005
360610093006
360610098007
360610106015
360610118006
360610124000
360610124008
360610134008
360610138008
360610139007
360610106023
360610088006
360610006005
360610317044
360610319001
360610118004
360610184002
360610269001
360610189006
360610192002
360610199005
360610205000
360610212004
360610219000
360610236000
360610237000
360610241003
360610242002
360050288003
360050123006
360470077004
360850208032
360470399003
360470892004
360050279005
360811429001
360610020003
360050386002
360850226012
360610007009
360610216002
360050460001
360811032012
360470049003
360850020012
360810285002
360471146001
360470503001
360470848001
360470632001
360811621005
360610020001
360050323004
360050092004
360050185022
360850181001
360810626002
360050462044
360050462064
360050216026
360050216023
360050185023
360050302013
360050302023
360850177022
360850208052
360850170132
360850207012
360850059012
360850226011
360850040021
360850189011
360850040022
360850070012
360850040031
360050123004
360050117011
360050093016
360050516014
360050484011
360050019031
360050462032
360050239005
360050462084
360050020013
360050185024
360610061001
360610064001
360610232004
360050093015
360050403041
360811163011
360810094002
360610104001
360810538001
360610224001
360610245004
360610033003
360610293001
360610133001
360610188003
360610160021
360610183001
360610243012
360610031001
360470582002
360470535001
360470250002
360470254003
360470295003
360470308001
360470321003
360470269003
360470277002
360470043003
360470361001
360470386001
360470397002
360470064003
360470199001
360610064004
360610183005
360610148025
360610161006
360810797014
360810997043
360050231001
360470210003
360470230003
360050404001
360050374001
360470192002
360470098001
360050216021
360050273004
360610257001
360610062000
360610098006
360811291043
360850121002
360850020022
360610182002
360610205003
360050004004
360050129011
360050183022
360050238001
360050389004
360050403043
360050090002
360050179022
360050209003
360050235022
360050277004
360470005011
360470211002
360470340002
360470796012
360470257003
360470489001
360810181011
360810582003
360810025005
360810158011
360811008011
360470020002
360470243003
360470342004
360470446002
360470470001
360470482001
360470492001
360470670001
360470800001
360470930001
360471020001
360470443003
360470517002
360470551001
360470822001
360470840001
360470870003
360470882003
360470896002
360471166001
360050435011
360050338021
360050338012
360850112033
360850112032
360470880021
360470337021
360470337022
360610309001
360610044000
360610309004
360610121023
360610121024
360610108031
360610108023
360610154031
360610154023
360610136043
360610136042
360610154032
360610136010
360610224003
360610232001
360610218003
360610226003
360610195002
360610193002
360610140005
360610277002
360610263005
360610211001
360610253004
360610265001
360610287001
360610208001
360610297001
360610291002
360610140004
360610089001
360610005001
360610285001
360610064002
360610039002
360810279004
360470415001
360470449013
360811010043
360610079003
360470149011
360050229014
360810717011
360610132012
360470116003
360470191003
360470341001
360850029001
360810859002
360610083003
360050421002
360050145004
360810058001
360610177004
360470291002
360470068004
360050237032
360610144027
360470029012
360610055012
360470031021
360810972041
360470280002
360050217004
360050184003
360470186002
360810455005
360470796022
360610022021
360470328004
360610122001
360810186001
360470495002
360470104021
360050368002
360470240002
360610099031
360470970001
360470290001
360850112031
360050462061
360050484012
360050061002
360610072002
360811032024
360810623002
360610091005
360470431001
360470133002
360050285003
360811223003
360470092011
360810991000
360470227004
360470482004
360810534011
360470360021
360810997042
360050370001
360610171000
360470122002
360850075002
360810163003
360850273022
360610059003
360470069022
360050266013
360471190002
360470326004
360810558001
360470506001
360470573001
360470798021
360050089002
360471132003
360810141001
360610179000
360610125004
360610152004
360470594031
360470594042
360470594043
360470644003
360470090021
360470794003
360470449014
360470792021
360470792022
360470786021
360470149023
360470161001
360470349011
360470349022
360471208022
360470159004
360470449023
360470106011
360470531011
360470367004
360471098005
360470300006
360470563021
360470610045
360470119021
360471070011
360470563020
360470108021
360471208031
360470531022
360470500021
360471098003
360470374015
360811227041
360810216012
360810469011
360810865003
360811163022
360810997045
360810216013
360810019021
360810317004
360811010033
360810478011
360810328003
360810254022
360810654013
360810664031
360810407022
360811010044
360810399021
360810929003
360810461002
360811227025
360811347023
360810399011
360810797021
360810019011
360810309052
360811010031
360811551033
360810664022
360811367002
360810492021
360050342002
360470363002
360810254023
360810814002
360610177001
360050092001
360470920003
360470246002
360470531012
360810938003
360050309000
360470373002
360810088001
360810918000
360811483003
360610040012
360610056003
360610154012
360810334052
360810265012
360470178001
360810413001
360610059005
360050199001
360050199006
360811039002
360610137001
360470343003
360470065002
360470429004
360470401003
360470652001
360810073001
360470220003
360610100001
360810194002
360470412001
360810594002
360050356001
360810204002
360850170092
360470878003
360810249003
360610145003
360610257002
360050175006
360470069011
360470152003
360610088005
360470293003
360610220004
360050419001
360470656002
360050093021
360811175002
360470573002
360850077001
360810238003
360470672001
360470962001
360470235002
360470208002
360810254011
360850177011
360470421003
360050090005
360470136001
360810616012
360050044002
360610116003
360610072001
360810334041
360470389001
360810773001
360470872002
360810467001
360050063012
360811175001
360811161001
360810492012
360471158001
360470513004
360610070014
360610201022
360050065002
360810472001
360610269003
360470852001
360810329001
360811333002
360470117001
360810012001
360471142022
360810204001
360470022003
360470678001
360470135002
360050358001
360610087003
360470846001
360610054001
360470247002
360470579012
360050462054
360470321004
360810483021
360810892017
360810409012
360470261001
360850177021
360850112013
360850059021
360050462071
360470021003
360610235012
360610078006
360810499004
360810595011
360470768001
360810779081
360470118003
360470054003
360470828002
360470268001
360470387001
360470043002
360610184005
360810295001
360470588002
360471124001
360810101001
360810401012
360050363005
360470201001
360610156014
360470224002
360470946003
360470738003
360050160002
360610007005
360610125003
360610061002
360470114002
360610030021
360811579021
360610009002
360610164002
360050195002
360810457001
360810010001
360470313003
360610108011
360050177023
360610148022
360610036013
360810294001
360610044009
360610195004
360470149022
360610159006
360050462073
360810263003
360810409011
360610317042
360470284002
360470374024
360610205001
360811159003
360470265003
360050083002
360050302021
360050243003
360050246002
360050340004
360470437004
360471200001
360470916001
360850064001
360610317031
360610223010
360470187001
360471142011
360810142011
360470575003
360610269002
360610229002
360610161002
360610225004
360610157002
360610191003
360610010011
360610220002
360610052002
360610083002
360610295003
360610002023
360610263003
360610255003
360610194002
360610138003
360810749001
360050444002
360811167001
360470594023
360810032001
360810039001
360810040012
360810317003
360810320004
360810330003
360810339002
360810351002
360810353002
360810189001
360810198003
360810198001
360810214002
360810230002
360810236002
360810243004
360810249001
360810567003
360810567001
360810577001
360810580003
360810581002
360810585003
360810865002
360810884004
360810922002
360810925003
360810925001
360810677001
360810679002
360810680003
360810251003
360810258002
360810258001
360810261001
360810267003
360810272002
360810275002
360810279003
360810282001
360810283003
360810285003
360810289003
360810508002
360810513002
360810518002
360810524002
360810526001
360810687001
360810695001
360810709002
360810721004
360810721001
360810729002
360810739003
360810739002
360810743002
360810743001
360810745001
360810775001
360810779024
360810779031
360810779052
360810792002
360810803012
360810542002
360810545003
360810358002
360810365001
360810367001
360810371001
360810377001
360810377002
360810398002
360810400001
360810404002
360810414003
360810427002
360810440001
360810450002
360810455001
360810460002
360810837002
360810838001
360810840003
360810855002
360810861002
360811291021
360811333003
360811377001
360811409011
360811435001
360810942032
360810987001
360810991002
360811017001
360811551011
360811113002
360811113003
360810467002
360810470002
360810475002
360810480002
360810485002
360810493012
360810496001
360810502021
360810504002
360810589003
360810591003
360810598002
360810599002
360810601001
360810612001
360810616013
360811129001
360811147001
360811159002
360811181001
360811181002
360811187002
360811191001
360811205001
360811215002
360811257002
360811257001
360811459002
360811467002
360811479001
360811507012
360811529024
360811571013
360810625001
360810626001
360810632002
360810633021
360810635002
360810638002
360810645001
360810650001
360810656001
360810660001
360810667011
360810551003
360810554002
360810554001
360810557003
360810562001
360811571016
360811579032
360811621002
360471176011
360471178001
360471182022
360471184002
360471188001
360471194003
360471196001
360471200002
360471210001
360470525002
360470616001
360850007002
360850003001
360850011001
360850039001
360850050001
360850075001
360850105005
360850105001
360850114021
360850122002
360850125003
360850132042
360850138002
360850141001
360850151002
360850151003
360850156014
360850156022
360850156024
360850189021
360850213002
360850239002
360810042002
360810044012
360810051002
360810054004
360810057003
360810061001
360810061003
360850248002
360850251002
360850273021
360850319022
360850291041
360810071004
360810077001
360810156002
360810159002
360810163001
360810168001
360810169003
360810172002
360810183004
360810183001
360810087002
360810094001
360810100001
360810103002
360810105002
360810108001
360810113001
360810117002
360810119001
360810120002
360810122001
360810126011
360810128001
360810136001
360810138001
360810142012
360810145001
360810148001
360810151001
360810153001
360810006003
360810004002
360810014001
360810016002
360810030001
360050330001
360050381003
360050401002
360050389001
360050227021
360050411002
360050419003
360050075001
360050406002
360050295003
360050399021
360050266011
360050386003
360050312001
360050408002
360050253003
360050067004
360050119001
360470100001
360470101002
360470110001
360470112003
360470116002
360470120001
360470127003
360470129012
360470129011
360470131004
360470132001
360470133004
360470134002
360470135003
360470137001
360470140001
360470142003
360470143003
360050372001
360050151001
360050224043
360050227011
360050025003
360050448001
360050025004
360050025001
360050367001
360050421004
360050123002
360050215022
360050027023
360470001001
360470001003
360470013001
360470020001
360470023001
360470036003
360470242002
360470243002
360470245002
360470399001
360470333003
360470339004
360470342001
360470345002
360470347002
360470355003
360470400002
360470406001
360470407001
360470408002
360470411003
360470413001
360470414021
360470417002
360470419003
360470424001
360470450001
360470453002
360470456002
360470462011
360470464002
360470472001
360470474002
360470476003
360470478002
360470480001
360470484002
360470486001
360470489002
360470490003
360470492002
360470495001
360470497003
360470499001
360470426003
360470538003
360470542001
360470545001
360470548002
360470550001
360470600002
360470628001
360470628003
360470636001
360470640002
360470648002
360470660001
360470680002
360470688001
360470770001
360470776002
360470794002
360470802003
360470748001
360470756001
360470762001
360470906003
360470912001
360470916003
360470922001
360470930002
360470938002
360470956001
360470966001
360470968001
360470986001
360470994001
360471008001
360471008002
360471022001
360470428001
360470430001
360470432002
360470434002
360470435002
360470437002
360470439001
360470441003
360470442002
360470445002
360470503003
360470512001
360470513001
360470517001
360470519003
360470523001
360470523005
360470804003
360470810001
360470816002
360470818003
360470824001
360470826004
360470828003
360470832002
360470846002
360470854001
360470860003
360470866003
360470868002
360470700001
360470950002
360470724002
360470730002
360470744002
360471110001
360471118002
360471124002
360471130001
360470874012
360470884001
360470888001
360470890004
360470890003
360470892003
360470900001
360470900005
360470902003
360471130004
360471142021
360471152002
360471158002
360471162002
360470553002
360470558002
360470560003
360470564003
360470566001
360470571001
360470575001
360470576002
360470578002
360470584001
360470591004
360470591001
360470593002
360470596002
360470527002
360470530002
360470533004
360470534004
360470245004
360470246001
360470248002
360470249002
360470251003
360470252004
360470253001
360470253003
360470259011
360470262002
360470264002
360470265002
360470287003
360470290003
360470293002
360470296003
360470298002
360470298003
360470303001
360470306001
360470309001
360470313004
360470317011
360470317022
360470319003
360470326001
360470327001
360470329004
360470266001
360470267002
360470269002
360470274002
360470275004
360470276001
360470037001
360470043001
360470050002
360470052011
360470280001
360470283003
360470359004
360470359002
360470364001
360470369004
360470371001
360470371003
360470377001
360470377004
360470379002
360470381002
360470383003
360470387002
360470389002
360470390002
360470394002
360470394003
360050235021
360050127011
360470056011
360470058001
360470060001
360470062001
360470064001
360470065001
360470065005
360470151002
360470151004
360470155002
360470157002
360470160004
360470161002
360470163002
360470167001
360470169002
360470169003
360470170002
360050373002
360050048001
360050033002
360050425001
360050363001
360050083003
360050365012
360050289001
360050043003
360050247001
360050233021
360050073003
360050382001
360050218003
360050004001
360050143001
360050074001
360050401001
360470202001
360470203002
360470205002
360470207002
360470210001
360470212003
360470213003
360470215003
360470215002
360470218003
360470221001
360470226001
360470228001
360470231002
360470232003
360470234001
360470238003
360470240001
360050061001
360050041003
360050157003
360050307013
360050419002
360050429011
360050265002
360050224041
360050227031
360050358002
360050158001
360050458001
360050391001
360050062001
360050251004
360050130001
360050184004
360050027022
360470181004
360470182002
360470184002
360470188002
360470193001
360470194002
360470196001
360470197002
360470198001
360470068002
360470068003
360470074003
360470074002
360470075005
360470078001
360470080002
360470084001
360470085001
360050201003
360050201002
360050039004
360050121012
360050365021
360050225002
360050399023
360050236001
360050425002
360050286002
360050365013
360050420001
360050288001
360050373004
360050406001
360050391005
360050403022
360050449011
360470281003
360810664041
360610062002
360470179002
360470660002
360610240003
360811129003
360470070001
360810034001
360610078004
360050074003
360810535021
360811139003
360610129023
360810517002
360470267003
360050070003
360470544002
360610037000
360810008002
360810916031
360610223014
360810038001
360610131002
360810591004
360050257001
360050210024
360610033002
360811201001
360811227042
360811463001
360050345002
360470391002
360470096002
360810058004
360810454001
360610152000
360050243004
360470401002
360610293002
360850244012
360610183004
360470228002
360810352001
360811203002
360610148021
360810790001
360470354003
360050274023
360470154001
360610086020
360810026001
360470108012
360470569001
360610057001
360610134005
360470468001
360810208001
360050069003
360810178001
360050144006
360610034002
360810097001
360810500002
360610048003
360810317002
360050516021
360810261003
360050211001
360050121011
360811579013
360470431004
360610042002
360610183002
360811529021
360470503002
360810278001
360610082003
360470762003
360470259021
360050419007
360050423001
360810583003
360610182001
360810161001
360850189013
360810697011
360810357001
360470954001
360810683001
360810863003
360810285004
360810199031
360050076004
360810610001
360050072001
360610233002
360810934023
360470728002
360470367001
360810134003
360050405025
360470498002
360810525001
360050024000
360810405011
360850128042
360470396002
360470916002
360050363006
360850097012
360810279002
360050435031
360050336014
360850228021
360850228011
360850228012
360050435021
360850228010
360850112041
360610154014
360610040013
360610136041
360610136044
360610132010
360610136023
360810889024
360811227033
360810469013
360810469012
360810001031
360811163021
360810033022
360810199021
360811207021
360810199012
360810309063
360811010042
360811008032
360811551032
360811551031
360810001012
360810288031
360811347021
360810654021
360810837004
360810334031
360810216032
360810998015
360050237041
360810063004
360810515003
360471132001
360810799001
360471502001
360470406003
360810645002
360470750001
360470886003
360470580001
360470422001
360810007022
360610159005
360050083006
360610054003
360810136002
360470546002
360050336013
360610175000
360610172003
360470571004
360470444003
360610110003
360471078004
360610080006
360610132022
360811141002
360470236001
360470535003
360470858002
360050027011
360050345003
360810667012
360610028002
360470126001
360810757011
360470832001
360810113002
360050442003
360610247005
360470946001
360050442005
360050079001
360050431011
360470360012
360610245006
360470890001
360050181021
360610218001
360810803011
360810713043
360810779062
360810073002
360470053023
360811483001
360810713063
360610007003
360470421001
360470197003
360470371002
360810459001
360610230005
360050062003
360610245003
360050205014
360810352002
360471198002
360610171005
360610106010
360810126012
360050096001
360470516013
360610309002
360471014002
360811047004
360470305004
360470288001
360470224004
360610070011
360810277012
360810277011
360810916036
360810062013
360810916032
360810664032
360810664033
360810892011
360810375021
360810001041
360810929005
360810663011
360810399012
360811347012
360810288011
360610094002
360610126024
360610126015
360610238041
360610108013
360610108012
360610058002
360610074004
360610040021
360610238040
360610135025
360610099020
360610029023
360610180003
360610136033
360610021004
360610135023
360610015026
360610238042
360610147003
360610129011
360610002026
360610042001
360610015028
360610080002
360610025004
360610029021
360610024003
360610021002
360610155025
360610015024
360610015025
360610152007
360610238022
360610103002
360610106022
360471162003
360810934012
360850277024
360050425004
360810087001
360810663012
360610152001
360470393001
360850156032
360811399001
360811175003
360610007004
360610219002
360471194002
360050335002
360610148024
360610207011
360610122003
360610068005
360470427003
360610114011
360610271001
360610145001
360610026011
360810216031
360470034001
360810097002
360810516002
360050053002
360470386002
360610283002
360610205002
360610073004
360610065003
360610124004
360610142004
360610120002
360610214002
360610192001
360610128003
360850208042
360050025005
360050042006
360050267023
360050348002
360050404003
360050413006
360050147013
360050160003
360050175005
360050235024
360050240002
360050245023
360050430003
360050458004
360470005012
360470565003
360470702015
360471104003
360470514004
360470561001
360810181013
360810306004
360811277004
360810065013
360810455004
360810473003
360811017003
360810939000
360810999001
360050132002
360470181002
360810260001
360050361005
360050295002
360470157004
360850128053
360810997044
360610148011
360470600004
360850074002
360810479003
360610229000
360810289002
360050053001
360470481001
360810185023
360810922001
360050348001
360470509001
360610237001
360050138002
360471502003
360470596001
360810182002
360470301002
360050418004
360850134002
360050379003
360810614001
360050067005
360811451022
360810769011
360610145005
360470558001
360810014002
360610118008
360470270002
360610263001
360610271004
360050061003
360810132001
360470409002
360470148002
360610063004
360470341003
360610269004
360610148012
360470121001
360050233013
360050255002
360811409022
360050028003
360050068002
360050041004
360050302024
360470493011
360810004003
360811059002
360470325002
360050419005
360050177012
360610203001
360470594024
360470557001
360470900004
360050265004
360610116000
360470078003
360470523002
360810549002
360470514003
360850277023
360810697013
360610265004
360610297000
360810106002
360810383021
360470018041
360810884000
360610237003
360811072020
360811189001
360810476002
360811157001
360610030011
360810110002
360610086010
360811385011
360470886002
360810220014
360610210004
360811029001
360470862002
360610214001
360610216005
360610179005
360610157003
360610095001
360610033001
360610263004
360610013001
360610279001
360610281001
360610291004
360610293004
360610303002
360610036011
360610134003
360610189004
360610287002
360610291003
360610142001
360610118002
360610078002
360610112021
360610146021
360610106021
360610133003
360610130002
360610101001
360610157004
360610128004
360610218004
360610142002
360610138001
360610158011
360610150022
360610166003
360610066003
360610165002
360610195001
360610180002
360610210001
360610263002
360610069001
360610164001
360610222002
360610234002
360610232002
360610138002
360610152002
360610169001
360610175004
360610173001
360610181001
360610142003
360610002012
360610165001
360610178001
360610002021
360610015021
360610285003
360610068001
360610027001
360610102001
360610048005
360610059001
360610007001
360610084001
360610093002
360610034003
360610034001
360610187002
360610184003
360610071004
360610073002
360610036021
360610186002
360610052001
360610261001
360610088002
360610116002
360610049003
360610220005
360610118001
360610026021
360610137002
360610110002
360610025001
360610187001
360610068003
360610032003
360610030022
360610060001
360610226002
360610114012
360610028003
360610036012
360610160014
360610147001
360610139003
360610084002
360610189001
360610239002
360610241002
360610253003
360610098005
360610136031
360610136021
360811123001
360811429002
360050093020
360610277004
360810939001
360470780002
360610066004
360470231003
360050318002
360050212005
360470508031
360050281002
360810579001
360470858001
360810069001
360610199001
360050379002
360470533005
360810253011
360811039004
360050181013
360610010025
360050389005
360811227024
360470447001
360050385004
360610188002
360050004000
360050383013
360810779043
360470606002
360811187001
360810263002
360610279006
360050227012
360810043001
360610016001
360470367003
360470571003
360610065002
360470193002
360470195002
360470196003
360470197001
360470198002
360470067004
360470068001
360470071003
360470074001
360470074004
360470075004
360470076001
360470080001
360470084002
360470084003
360470096001
360810117003
360810117004
360810120001
360810121002
360810122002
360810126022
360810132002
360810135001
360810138002
360810140001
360810144001
360810147003
360810147002
360810150002
360810152002
360810152001
360810004001
360810002001
360810010002
360810014003
360810016001
360810022001
360470330001
360470333002
360470336003
360470339001
360470343002
360470347001
360470350001
360470354001
360470400003
360470403002
360470406002
360470408003
360471106001
360471118001
360471124003
360471128003
360470874011
360470882002
360470884003
360470890006
360470890002
360470892001
360470896001
360470409003
360470411001
360470412002
360470414022
360470416002
360470418001
360470422003
360470422002
360470445001
360470898001
360470900003
360470900006
360470906002
360471132002
360471146002
360471152001
360471156002
360471160003
360471160001
360471164001
360470245003
360810071003
360810071001
360470248001
360470251001
360470255001
360470258001
360470258002
360470261002
360470262001
360470263001
360810075001
360810079001
360810081001
360810156001
360810159003
360810166002
360810169002
360810169004
360810174002
360810183005
360810183003
360810083001
360810088002
360810091001
360810095002
360810099001
360810103001
360470804002
360470806001
360470814002
360470265001
360470287002
360470288003
360470289001
360470291003
360470295001
360470297003
360050199002
360810104002
360810108002
360810111002
360810116002
360050155001
360050077001
360050249001
360050237021
360050229021
360050199005
360050153001
360050046001
360050193003
360050415003
360050169001
360050199004
360050087002
360050230001
360050118003
360050218001
360470427001
360470542002
360470539002
360470547002
360470548001
360470550002
360470608002
360470628002
360470622001
360470628004
360470638002
360470640001
360470814001
360470818001
360470824002
360470824004
360470826001
360470828001
360470830002
360470834002
360470850001
360470856002
360470856003
360470864002
360470868003
360470698001
360470702014
360050225004
360050297003
360050040011
360050350002
360050243002
360050229022
360050248001
360050344001
360050243001
360050396004
360050286001
360050052001
360050318001
360050429012
360050396002
360050442001
360050385003
360050386005
360470658001
360470658002
360470662001
360470682002
360470688002
360470770002
360470780001
360470782001
360470802001
360470427004
360470429002
360470431002
360470432001
360470702031
360470724001
360470728001
360470738001
360470039001
360470050001
360470051001
360470279002
360050135003
360050092003
360050043001
360050379001
360050131003
360050218004
360050451011
360050089001
360050038001
360050253001
360050068001
360050202001
360050075003
360050069001
360050173001
360050394002
360050420002
360050225003
360050204001
360470435001
360470436003
360470436001
360470438002
360470439002
360470441001
360470441002
360470444002
360470502021
360470505003
360470506004
360470513003
360470514001
360470518003
360470519001
360470519002
360470523004
360470525001
360470281002
360470285011
360470359003
360470360022
360470361002
360470364002
360470366001
360470370003
360470371004
360470371005
360470373001
360470377003
360470379003
360470383002
360470383004
360470385001
360470388002
360470390001
360050085002
360050211002
360050033001
360050227013
360050138001
360050060001
360470201004
360470203001
360470204002
360470206001
360470207001
360470208003
360470212001
360470213001
360470214001
360470215001
360470216003
360470219002
360810928000
360810107011
360811033001
360610092002
360811199001
360610223021
360471010002
360810334042
360471220002
360470692001
360810351003
360050039002
360850181003
360050235013
360810713053
360470756002
360850208053
360050044003
360050073002
360050079003
360050131001
360050135002
360050152001
360050159002
360050173004
360050189004
360050205021
360050211004
360050221012
360050229023
360050237031
360050238002
360050266023
360470292001
360050240003
360050245013
360050251006
360050263005
360050266025
360050269003
360811277002
360810582001
360810613012
360810665013
360810707001
360050274013
360050293011
360050332011
360050337003
360050371003
360050375041
360470485001
360470485002
360471237003
360470023003
360470085002
360470085003
360470185012
360470217002
360470336005
360470356022
360470374012
360470423002
360470460002
360470512002
360470512004
360470545004
360470545005
360470610043
360810749002
360810779061
360810779082
360810803013
360810809005
360810853002
360810919001
360810929000
360810934022
360810942020
360810942035
360810954000
360810997032
360810998012
360810998021
360811008012
360470698002
360470702020
360470820003
360470166001
360470174002
360470211001
360050062004
360050064003
360050065003
360050074002
360850021003
360850081003
360850170093
360850176004
360850208033
360850291044
360850006002
360850007004
360850021002
360850138005
360850146043
360850146052
360470271002
360470336002
360470348001
360470433002
360470448002
360470510012
360050078002
360050078004
360050085004
360050086003
360050092005
360050096002
360050110000
360050132001
360050141002
360050144004
360050152002
360050162002
360050163001
360050177013
360050179013
360050181023
360050183023
360050193002
360850146071
360850170052
360850173002
360850198001
360850198003
360850247001
360470516021
360470547003
360470561004
360470620001
360470732002
360470796021
360470882004
360470966002
360471158003
360471198001
360050434001
360050444001
360050024001
360050125002
360050274021
360470192001
360610245007
360470286005
360471070031
360471144001
360470219001
360810596002
360810633022
360810683002
360810711001
360810779051
360810797022
360810803023
360810845002
360810855004
360810922000
360810934021
360810942010
360810942034
360810972042
360810987000
360810998014
360810998023
360811010020
360811227023
360811291032
360811571022
360850067003
360850121003
360850187012
360850169011
360850007003
360850039002
360850128063
360850146064
360850156033
360850170111
360850244022
360850277051
360850277052
360850277062
360850303012
360050090000
360050153003
360050016002
360050028004
360050042007
360050023001
360050035001
360050072002
360050076005
360050090004
360050151003
360050153002
360050175003
360050183011
360050209004
360050216012
360050221021
360050237042
360050241003
360050267021
360050279004
360050326003
360050348004
360050360001
360050375042
360050395002
360050351003
360050364002
360050369022
360050379004
360050381004
360050381006
360050393004
360050395004
360050401003
360050401004
360050403042
360050405021
360050406003
360050408003
360050050011
360050050013
360050054004
360050064002
360050064004
360050068003
360050076003
360050078003
360050085003
360050085005
360050090003
360050098003
360050115023
360050133003
360050144001
360050147024
360050161004
360050171001
360050177022
360050179023
360050189002
360050205011
360050209001
360050209002
360050210023
360050210028
360050213024
360050216013
360050217002
360050221023
360050222004
360050229015
360050233014
360050235023
360050239006
360050245012
360050245022
360050251007
360050266024
360050267026
360050274022
360050279006
360050285002
360050288004
360050289004
360050300004
360050310002
360050319000
360050323003
360050332013
360050332023
360050337002
360050426003
360050434002
360050324002
360470005013
360470035002
360470056012
360470166002
360470282002
360470302003
360470374011
360470374022
360470374023
360470433003
360470510011
360470516012
360470561003
360470610041
360470670002
360470768002
360470902005
360471116001
360470374013
360470650001
360470303002
360470052022
360470126003
360470185014
360470307001
360470348002
360470356023
360470429003
360470460001
360470489003
360470512003
360470516022
360470610031
360470696022
360470776003
360470820002
360470892002
360470910001
360470944013
360470954003
360470996002
360471106002
360471210002
360470233001
360470345001
360810158012
360810176002
360810178002
360810185013
360810220024
360810269022
360810309033
360810424001
360810499003
360810534012
360810619002
360810657031
360810713032
360810713062
360810723002
360810757023
360810837003
360810863004
360810065023
360810115002
360811377004
360811507023
360810444001
360810062021
360810065022
360810075002
360810134004
360810205002
360810253014
360810269012
360810294003
360810383010
360810437011
360810437021
360810443021
360810446012
360810466002
360810481003
360810939003
360811039003
360811093003
360811267003
360610012002
360610140006
360610158014
360610295001
360610228004
360610148023
360610140002
360610295002
360610206001
360610189002
360610201011
360610043002
360610158012
360610196002
360610211003
360610210002
360610034004
360610216001
360610228001
360610111001
360610303001
360610223013
360610228003
360610013002
360610041005
360610045001
360610021001
360610026022
360610065001
360610150023
360610043003
360610049001
360610075002
360610038001
360610041003
360610138004
360610173002
360610092001
360610063003
360610083001
360610056002
360610097002
360610073003
360610134002
360810270001
360811033004
360050076001
360850040033
360810532001
360050161003
360810713044
360470960001
360610211006
360050403032
360470044001
360810707003
360470932001
360050380002
360810287002
360810719001
360810426001
360810462002
360810991005
360810992002
360610110006
360811507022
360470702013
360610210000
360610238021
360470784001
360810206001
360810214003
360810240001
360810925002
360810680001
360470992001
360471016001
360471078002
360610175005
360610025003
360810510001
360470240003
360810528001
360810779023
360810788002
360050371001
360050132004
360050385001
360470077003
360050389002
360050233011
360050202002
360050444003
360810934013
360811085003
360810192002
360810269021
360810381003
360811579016
360810025006
360610295004
360470400001
360850248003
360470654001
360050167001
360850007001
360470219003
360470086001
360810606002
360610038007
360610067002
360471522001
360610235013
360850146051
360610041004
360610163003
360811567001
360050408004
360610273002
360610169003
360610279004
360610232003
360471174001
360050205015
360610230003
360610076002
360610082001
360610072004
360610057002
360470208001
360470222002
360470229002
360470179001
360050145001
360050261001
360470860001
360470720001
360471184003
360471196004
360470610022
360850017002
360850018001
360470003012
360470034002
360810473001
360810496003
360810593002
360811123002
360811185002
360470370001
360470381003
360470385002
360470397001
360810142022
360810012003
360470958002
360811241001
360811483004
360811571011
360470289004
360470153003
360470164001
360470974002
360471024001
360050425003
360050407022
360050369011
360050133002
360470114003
360610162001
360610181003
360610227002
360470321002
360470267004
360470278002
360470127001
360470133001
360470142001
360810285001
360810520001
360810693002
360810719002
360810157001
360810176001
360810086002
360810104001
360810741001
360810779025
360810809003
360810123011
360470481002
360470491003
360470496001
360810361002
360810381001
360810415001
360810448001
360810838003
360811291022
360811377002
360810945001
360470564002
360470582003
360470590001
360050381002
360050451021
360050314002
360050125001
360050255001
360470188001
360470195001
360470071002
360470080003
360470539001
360810327001
360810187001
360810202001
360810243002
360810581001
360470530001
360470537002
360050244002
360050059021
360050307012
360610038004
360610072006
360470608001
360470626001
360470676002
360470800002
360810919002
360810679001
360470256002
360850114012
360850134003
360850147001
360850156031
360850201002
360470331001
360470352001
360470408001
360470419002
360470448001
360810275001
360810069002
360610317041
360470435003
360810629001
360810549001
360810553001
360811579033
360850170071
360470464001
360610088004
360610124006
360470443001
360470514002
360470520002
360470200001
360050436001
360050238003
360610018003
360610172004
360610086011
360610196003
360610196001
360610231001
360470806002
360470838001
360470890005
360470894002
360471134003
360471168002
360050213023
360050151004
360050043002
360470313002
360470179003
360050363003
360470388004
360050020023
360610129020
360050205012
360050302011
360050175002
360050052002
360050179021
360610077005
360470227002
360610171004
360610206002
360610070013
360050462043
360810123013
360810216021
360610277003
360811551034
360470788011
360470215004
360050399011
360810158022
360850291042
360810294002
360050083004
360050239007
360610208002
360810403011
360810613013
360610172002
360470774002
360610152005
360470423001
360470138002
360470381004
360610134004
360810025004
360810739004
360610040024
360050429013
360470894003
360610050003
360050210021
360470286003
360810062012
360810240003
360470268004
360470444001
360050050022
360610002010
360610134001
360810849022
360610267001
360470034003
360050371002
360610089005
360470249003
360810565001
360470300002
360810052001
360810659001
360810384002
360050269002
360471166003
360470246003
360810025002
360050210011
360470181001
360470329002
360050229013
360810232001
360850208034
360810916034
360850040012
360050340001
360610237002
360610158013
360810814003
360050316001
360471122001
360610010023
360470196002
360470544001
360470155003
360610026012
360050232002
360610242003
360050403023
360610247001
360610127004
360810671002
360050386008
360811175004
360470646002
360470612001
360471174002
360050246001
360470588001
360610226001
360470076002
360810468001
360810918001
360470363003
360470748002
360610071003
360810577003
360610184004
360470190001
360610215002
360610090001
360050351002
360470131003
360470362003
360470150001
360470275001
360610287000
360050358006
360470041001
360850319023
360050332024
360850231002
360610255004
360610173006
360050054001
360610135022
360050175004
360470281001
360610074005
360610139001
360850170051
360470272001
360610093001
360050197003
360050381001
360470868001
360470362002
360610211000
360470043004
360850146044
360050310001
360610283001
360470295002
360470001004
360050195003
360610044006
360850170141
360811435002
360050398003
360050394004
360810646001
360610179002
360810539012
360810530001
360610184001
360050391004
360470300004
360810703001
360050086001
360850125001
360470506002
360470155004
360810859003
360610238020
360810407012
360050050014
360810394002
360050241002
360470902002
360810654012
360050087005
360471502002
360610279005
360470052021
360810779071
360610191004
360470193004
360470563011
360810283004
360810283005
360470576001
360470910003
360050023003
360810954001
360610145002
360470884002
360050390002
360610129013
360811029002
360470387003
360610032004
360810119002
360610126014
360050141001
360470532001
360810775003
360050411003
360810007023
360470117002
360610261007
360050388001
360811291033
360470343001
360470251002
360050251005
360811155001
360050407021
360811032021
360810713031
360610225005
360050093012
360470343004
360810061002
360470330003
360610049002
360050288002
360470872003
360850040011
360050144005
360470452001
360050297002
360610139006
360810098001
360610167005
360050407025
360610211007
360810096002
360610150021
360610037002
360470369001
360050302012
360470560002
360470606001
360810168002
360810884003
360810845001
360810467004
360470261004
360471034020
360610167001
360471134002
360050403021
360810375022
360850291062
360610055021
360471104001
360810238004
360470139004
360470268002
360470527007
360610191005
360811147002
360610132011
360610291001
360610029013
360470271001
360810630001
360810184022
360810997012
360050019042
360470319001
360050374004
360610041002
360810126021
360470363004
360610183007
360050395003
360811010022
360610102002
360470403003
360610144011
360610026023
360470798011
360810857002
360810637003
360610132031
360050235011
360470293004
360610169004
360470570001
360610064006
360850189012
360050413002
360610136032
360050133004
360470082003
360050078001
360610090002
360050250001
360050212001
360810220022
360610242000
360610156011
360810114001
360470241002
360610223012
360050425007
360810154002
360850239001
360610086034
360470570003
360470058002
360470493022
360810358004
360610016003
360050127012
360470401001
360610189005
360470152002
360810916035
360470520001
360050309002
360470866001
360850170161
360470676001
360610021003
360850059011
360470172001
360050293012
360811347013
360470170001
360471522003
360470331002
360470732001
360811571017
360810446011
360470554003
360810026002
360850128062
360610134007
360810757021
360050360002
360810155002
360470425002
360810472002
360810123012
360610233001
360470070002
360810398001
360810271012
360610129014
360470289002
360610166005
360050364001
360810235011
360610200001
360810665012
360811409021
360610186003
360850187042
360850208062
360850170131
360850187032
360850207021
360850097021
360850027002
360850273015
360850177012
360470326005
360810775002
360810212002
360810992001
360610060000
360470944021
360610177005
360470482005
360610091004
360470423003
360470335003
360050251001
360470254001
360810861001
360610191006
360470330002
360610013003
360610130004
360050396003
360470249001
360050456002
360810050001
360050001000
360610068004
360610006000
360811227034
360470119012
360470232005
360470902004
360470656001
