3
4
5
879
1983
4
878
2000
5
6
878
879
1983
6
7
878
879
990
1983
15
21
22
878
990
8
12
838
879
960
972
990
1007
1008
9
12
960
972
990
1007
1008
2045
10
12
14
972
2045
12
14
841
2045
13
21
23
839
996
2032
2033
2035
2178
2179
14
16
19
837
990
1007
1008
17
18
23
996
2179
19
837
840
841
16
21
22
27
990
1008
22
27
837
990
1008
2296
18
30
31
996
997
2097
1946
2179
20
837
840
841
837
840
992
993
2295
2296
22
23
878
2033
2035
23
26
27
997
996
997
2033
2035
25
28
29
32
992
993
1037
2295
28
29
35
42
46
48
992
1037
27
30
991
997
2296
837
991
997
2295
2296
38
46
48
52
1037
1038
30
31
35
37
42
991
992
31
35
37
991
997
2296
35
37
997
2097
2098
34
36
840
842
993
1036
1037
1038
34
40
1036
1907
2002
36
40
41
1036
37
39
42
40
41
43
1036
1037
1038
39
2096
2097
2098
43
45
52
57
63
1037
1038
42
44
2096
2098
41
1907
1908
2002
43
49
51
1038
1908
44
46
47
45
49
51
53
1038
46
47
977
2096
51
53
57
63
67
70
1038
47
48
50
48
50
977
50
52
54
51
56
58
1908
2104
2106
52
54
55
977
53
56
58
59
54
57
2061
58
59
67
70
75
80
55
57
977
2060
2061
977
2060
2061
58
60
62
65
66
2104
2106
63
2061
2062
59
64
65
66
64
65
75
80
954
61
62
66
994
2104
2105
62
994
1000
2016
66
68
1000
67
1081
2061
2062
65
954
1881
2018
66
68
1881
2018
68
1000
2018
70
72
1081
2062
69
71
74
1000
2018
71
76
77
873
995
1000
2016
2017
72
75
78
1081
74
77
79
995
1000
2018
73
75
78
1081
78
1074
1081
1953
1954
79
995
1881
2018
78
80
83
77
81
873
999
2017
995
999
80
83
1074
1075
1954
995
1002
1006
1881
83
954
955
82
873
998
999
84
85
998
1003
954
955
1074
1075
1076
85
877
1004
1005
998
1003
1004
88
89
978
979
980
1001
1002
1006
90
91
92
96
956
1881
1905
89
980
1002
1006
1881
100
102
980
1881
92
96
923
956
1905
1906
92
99
1881
96
99
1084
94
95
100
979
980
1005
1040
95
97
1040
97
100
980
99
923
1084
1906
98
100
101
104
1040
100
101
104
105
107
1040
103
1084
1085
1881
101
102
980
2094
102
105
107
2094
2095
980
1881
2094
106
1050
1084
1085
1881
105
109
117
843
1040
107
109
111
108
110
1050
1085
1881
109
111
113
2094
2095
110
112
115
1050
1881
111
117
112
115
1050
113
114
117
119
1009
2095
115
116
1011
1881
114
120
1881
2095
119
120
1009
1881
116
1011
118
1011
1012
1881
843
1009
1010
121
949
1011
1012
1881
120
123
984
985
986
1009
132
134
985
1881
949
953
1012
2233
124
125
132
953
1029
1881
2233
2234
127
984
1009
1010
2151
2152
132
134
1029
1030
1881
126
942
943
1029
2234
943
2051
129
920
921
984
986
2152
942
943
1027
1028
1029
1030
2051
137
139
140
920
921
984
986
131
133
137
138
139
1027
1028
2051
2052
133
136
137
139
140
141
1027
1028
134
985
1029
1030
1881
136
138
139
140
141
966
967
1027
1028
2052
2311
135
985
986
1028
1030
137
985
986
1028
1030
140
141
966
967
1023
1024
139
986
1027
1028
871
2052
2311
140
986
1027
1028
141
921
921
1023
1063
143
144
866
966
967
1024
1053
1054
2272
2312
144
866
966
967
1024
1063
2272
866
967
2247
2248
2272
146
1960
2066
2067
2222
2247
2248
982
2066
2067
2248
148
982
983
987
2066
2067
2223
151
983
987
2217
150
957
981
2248
151
957
981
983
2243
2248
957
981
983
2217
2218
2243
153
1914
2021
2245
2021
2137
2245
2269
155
157
1020
1021
2283
157
162
165
178
2170
2283
1934
2161
2196
162
165
167
1020
1021
2283
159
163
969
1934
1940
160
161
163
969
1934
161
163
1934
163
961
1934
2006
2161
2162
165
167
961
1940
2006
165
166
177
2169
2170
166
167
178
1020
1021
2169
2170
167
168
175
176
177
900
1021
168
1020
1021
169
170
171
173
175
900
1021
1969
170
900
1021
2153
171
1969
2153
1945
1968
1969
2153
2154
213
223
1923
2210
2211
2214
2273
175
179
222
1969
2221
1015
1016
1885
1900
1913
1940
2006
2007
2273
176
179
1969
177
179
1971
1972
179
185
874
875
1971
1972
2169
181
183
2170
2283
222
1971
1972
182
184
191
195
1022
1886
1991
1992
2093
2162
183
2183
2283
184
191
195
1022
2093
2160
2195
2196
2170
2183
2283
187
191
193
195
835
1022
2160
216
874
875
1972
2169
2170
2176
900
1021
2078
2195
2196
2197
189
191
834
835
2078
2154
2160
2195
189
190
834
2154
190
834
835
2154
193
196
200
834
2103
2154
193
195
196
834
835
1022
194
197
199
201
2029
2030
195
196
834
835
2103
197
2029
2030
2184
196
1022
1886
2228
198
2103
2228
199
201
2030
2184
200
933
936
1077
1078
2103
2228
2325
201
203
204
1930
2030
2184
1031
1945
2103
2154
2325
202
203
2030
203
204
1047
1048
2030
204
1930
2030
212
1047
1930
2146
229
231
233
933
936
1060
1061
1078
2213
207
209
211
939
1077
1900
2212
2227
208
209
210
213
225
2212
2213
213
225
226
229
2212
2213
210
211
1900
1922
2212
211
213
1922
1923
1900
1913
1922
1923
1924
2273
1047
1930
2145
2146
223
224
225
1923
2211
2214
2215
215
216
2175
2176
216
218
241
249
875
904
1980
2019
2175
218
875
1980
2176
219
220
223
226
229
230
231
2157
2285
2286
874
875
1972
1980
220
221
230
976
2215
2237
2285
2286
223
230
976
2215
2237
2285
2286
240
242
2237
2238
2285
1909
1969
1971
2020
2221
224
226
2214
2215
225
226
226
229
229
228
232
244
245
274
276
277
278
1026
2164
232
1026
2163
2164
230
231
233
2213
231
233
2157
2173
2285
2286
233
2157
2173
244
245
274
276
277
2163
1060
1061
2087
2157
2173
236
241
244
1909
2019
2163
239
240
2114
2115
2157
2173
2174
2286
1909
2019
2020
2163
2164
238
239
304
2089
2111
2114
2115
239
248
250
252
932
2111
2114
240
248
2089
2114
2115
2174
2286
242
243
246
248
2285
2286
244
247
249
904
1980
2019
2163
243
246
248
1916
2191
2209
2238
2285
246
248
2191
2209
245
247
249
274
276
2163
247
262
263
274
275
276
248
2180
2191
2209
249
251
260
262
250
2180
251
904
1980
2019
252
932
2111
2180
2182
260
262
904
255
256
315
316
932
2073
2111
2180
2181
2182
254
264
2145
2177
264
922
1047
2145
2177
256
257
2073
2181
2182
2192
257
258
2073
2181
2192
258
1034
2073
2181
2182
2192
2274
2275
259
261
1034
2073
2274
261
1034
2073
2235
2236
262
263
904
2175
2177
1034
1035
2219
2274
263
271
272
274
275
269
270
271
272
274
275
2143
2175
2177
922
2177
267
268
892
2216
2220
922
1066
1067
2143
2177
268
2024
2043
2044
2216
2219
2220
273
892
2043
2216
2220
270
290
2143
271
290
917
272
288
290
917
275
288
917
2043
2044
275
276
284
285
287
285
287
288
277
282
284
285
278
279
280
282
284
1026
2164
279
1026
2164
280
282
2164
281
282
283
2164
282
283
301
1899
2164
283
284
284
299
301
1899
285
297
299
301
287
297
299
1901
2044
2236
288
297
292
294
297
917
291
293
833
1018
1019
2221
2324
2325
292
917
2143
2144
2241
293
298
833
913
1018
2164
294
303
305
917
2241
295
298
913
1018
2164
297
299
303
305
2190
296
298
300
302
1018
1019
1033
1060
2325
1018
1019
1033
1060
2325
299
2190
300
309
913
1018
2164
301
2189
2190
302
309
913
1033
1070
1899
2164
2189
2190
306
309
1032
1033
305
307
308
313
2190
930
1017
2088
2089
2111
2115
2270
2271
307
313
317
342
2136
2241
2242
309
891
912
931
1017
1032
2271
308
312
313
2190
310
311
312
313
2189
2190
891
913
1032
311
312
1070
2189
2190
312
320
323
1070
313
317
320
323
317
320
342
315
316
318
319
321
322
931
932
316
318
321
322
2073
318
931
932
2073
320
327
329
342
836
319
321
322
931
932
322
912
931
323
326
327
329
322
1064
1065
2073
324
896
912
1064
1065
2073
2164
326
327
1070
325
896
912
1065
2164
328
882
883
896
1064
1065
2073
2074
327
334
1056
1070
1071
329
332
334
836
1056
331
882
883
896
1025
2074
332
342
836
332
335
337
338
836
882
883
1025
1070
2164
334
335
836
883
1025
2074
2236
335
336
337
1055
1056
337
337
1055
338
341
836
340
1025
2236
1025
1071
2147
2236
343
347
348
349
350
836
349
836
2136
344
345
346
347
350
1066
1067
345
350
1067
346
1067
347
1067
2242
348
350
2136
2242
349
836
2136
2242
836
2136
922
1066
1067
2056
2057
352
356
357
642
1862
1864
2101
353
355
356
357
1862
1864
1865
355
356
1864
1865
1989
2167
2168
948
952
973
1072
1073
1079
1995
356
358
1989
2167
357
358
2046
358
2046
2101
1989
2046
2048
2167
360
361
362
672
2047
2101
361
416
417
418
893
2101
362
364
406
408
417
2047
364
406
2047
2049
365
374
377
1080
2014
2015
366
406
1989
2048
2049
2167
370
372
374
376
389
1062
1080
367
369
375
404
406
885
1989
2167
368
369
375
404
406
885
390
404
736
885
886
375
885
940
1866
1989
2167
2168
371
372
389
1943
372
376
385
386
389
1943
2063
2171
374
376
375
885
940
941
376
377
378
885
940
377
378
385
386
862
863
378
435
2014
2015
435
862
970
380
381
382
383
384
385
426
428
863
970
381
382
383
890
409
424
426
428
890
970
1895
1896
383
384
388
391
890
1039
2281
384
387
388
890
385
386
387
388
863
386
387
862
863
387
2063
2171
388
2171
391
1039
2171
2172
2281
1062
1943
2063
392
394
402
404
736
886
393
407
890
1039
2281
394
395
736
396
407
890
2281
395
399
401
402
404
437
958
397
399
401
402
729
736
398
405
407
2281
399
729
736
958
959
400
403
405
407
924
2281
401
437
958
959
403
405
924
402
410
412
958
404
408
410
416
405
924
925
406
408
736
886
407
409
411
413
925
408
417
409
890
410
416
417
411
413
424
890
1895
1896
412
414
415
416
417
413
421
1895
1896
414
415
427
429
433
434
958
2292
421
925
1895
415
419
427
893
2292
416
418
419
893
417
418
893
418
893
2101
420
422
893
2101
2292
422
893
911
2101
2102
2128
925
1044
1045
1895
423
475
911
2128
2129
2291
2292
475
2128
2129
2291
2292
425
426
890
1895
1896
426
1044
1896
2249
428
430
970
2123
2124
2249
429
431
433
2291
2292
430
432
863
970
431
433
434
958
2291
432
970
2123
2124
2249
433
434
436
469
471
472
473
2291
438
970
971
2123
434
958
436
437
958
862
863
970
971
2014
2015
437
439
442
464
469
471
439
958
959
971
2015
2123
440
442
959
442
443
444
445
446
729
959
453
486
487
488
491
2014
2015
443
464
469
444
463
464
445
460
463
464
446
458
460
463
729
449
452
458
460
726
729
448
450
457
461
2014
461
467
468
1051
2014
452
458
718
726
729
2110
451
457
461
2014
453
457
461
2014
454
455
458
718
2110
457
481
487
2014
2015
455
522
717
718
937
938
458
460
462
505
522
457
459
461
480
481
461
480
481
460
462
505
522
461
467
480
2187
2188
462
463
467
2187
463
464
465
496
502
505
464
465
465
466
469
466
469
489
495
496
502
469
470
489
495
468
2187
1051
1642
1981
2011
2187
2188
2303
470
471
471
472
485
489
490
472
473
484
485
2291
474
475
483
484
485
2291
475
476
477
479
483
484
2259
2291
476
2129
2259
2291
477
911
2059
2128
2129
2259
478
479
581
851
2059
2079
2259
479
482
580
581
851
2079
482
483
481
950
2188
487
488
950
483
484
578
579
580
484
485
578
579
489
490
574
577
578
488
491
492
494
918
950
1888
2014
488
950
950
490
495
493
495
568
574
577
492
494
2014
2015
2123
2124
2249
494
918
2069
2124
2249
495
496
497
568
857
918
919
2069
496
497
497
502
498
502
510
515
568
857
510
515
857
859
500
501
518
520
521
524
598
897
898
899
1884
2068
501
503
504
511
514
516
518
520
503
516
518
598
889
505
508
510
504
591
592
598
889
916
509
511
514
591
592
508
522
937
507
509
545
546
588
589
592
2305
2306
509
535
537
539
546
548
2306
510
513
522
523
937
511
512
534
535
537
546
588
589
592
513
515
937
512
514
592
514
533
534
535
515
519
523
937
516
533
534
592
517
519
858
859
518
526
533
534
519
529
544
858
859
520
525
526
533
523
529
530
938
521
525
526
524
525
898
937
530
937
938
525
898
2068
2250
526
1929
1963
1964
2068
2250
533
1929
1963
528
536
538
675
689
1882
1883
529
531
532
536
938
1882
1883
2224
530
531
532
536
542
544
858
531
938
532
938
536
534
1929
535
1929
1944
537
546
1929
1944
538
542
547
668
539
546
548
1944
2239
668
671
674
675
689
870
540
543
546
548
1944
2239
541
543
546
548
549
543
548
549
2240
2253
2254
544
547
552
553
621
856
858
2239
2240
2253
858
546
564
566
567
588
915
2305
2306
548
588
2305
2306
551
552
621
622
660
668
868
549
565
2306
560
563
565
2232
2253
2254
738
739
946
2260
622
623
659
660
868
2132
2133
553
621
622
556
558
620
621
856
858
555
557
569
2232
2260
557
2232
2254
2260
558
609
619
620
621
856
559
560
569
2232
2260
561
577
609
619
856
560
562
563
565
567
569
2232
562
563
565
2232
2254
577
609
619
856
2318
2319
563
564
565
566
567
569
2305
564
565
565
566
567
2305
2306
2305
2306
567
575
576
584
586
588
915
2305
569
570
573
575
576
2305
574
577
856
857
570
573
2260
571
573
575
2260
572
573
699
707
708
2260
573
575
576
699
707
1013
1014
575
2260
577
576
1013
583
584
586
690
1013
578
585
590
593
597
856
857
964
2318
2319
579
585
580
585
860
861
581
860
861
851
860
2079
587
851
860
861
963
1970
584
594
690
1013
586
594
915
916
861
963
964
589
594
915
916
851
963
964
965
1970
2076
589
592
915
2305
2306
591
592
915
916
593
964
965
2076
592
598
889
916
597
965
2076
2318
690
867
889
916
1996
596
597
599
601
602
2076
2077
599
600
601
602
599
2076
2318
889
899
916
600
2318
602
606
608
612
613
2318
602
632
2077
2112
2193
2194
606
629
632
2112
604
607
1902
1976
2297
2298
605
607
686
888
1902
1932
1933
2298
2299
686
888
1902
1903
1932
1933
2299
612
613
628
629
632
2318
867
1932
1976
609
610
611
612
2318
2319
610
618
619
2319
611
616
618
619
2319
612
613
614
615
616
618
623
613
614
615
623
2318
614
615
623
624
628
629
2318
615
623
624
625
2132
616
622
623
2132
618
622
657
907
1058
1903
2299
2300
619
620
621
622
620
621
622
622
623
2132
625
628
649
2132
628
649
653
2132
627
630
654
656
1057
1534
1536
1538
1543
1982
2303
654
656
1057
1059
1982
629
649
1893
1894
632
638
640
645
1893
631
654
1532
1534
1536
633
652
654
1530
1532
638
2112
634
635
650
652
1530
1532
635
637
639
650
652
865
637
639
1530
638
640
962
2112
2113
2139
639
641
1500
1528
1530
640
962
2112
641
644
646
647
648
864
865
1918
645
962
1959
642
644
1498
1500
1528
1530
644
646
647
666
667
669
670
908
1498
1500
1845
1862
2101
2202
2230
2231
645
962
1893
1959
2139
646
962
1893
1959
647
648
670
864
865
1918
648
669
670
864
865
1918
669
864
1918
653
1893
1894
2125
2132
2133
651
652
864
865
1918
652
655
864
1918
654
655
656
1894
2118
2125
2126
2132
2133
655
656
656
907
1059
1917
1918
907
1057
1059
1917
907
1058
1059
1903
1917
659
660
661
663
2118
2121
2122
660
661
2118
2121
2132
2133
661
868
663
664
868
2122
666
667
669
679
680
1903
1918
2229
2230
664
868
2122
2148
665
868
869
2148
671
869
2148
2149
667
670
2229
2230
2231
669
670
1918
2229
868
870
670
1918
2230
674
869
870
2148
2149
2046
2047
2101
694
702
894
910
914
2101
2102
2127
675
870
2149
677
689
1883
2149
677
678
681
684
1883
2149
684
887
1883
2149
2200
2201
681
684
685
2149
680
901
902
1903
1918
2229
682
688
876
901
902
909
2229
684
683
687
688
901
902
903
2130
687
688
888
901
902
903
685
887
2201
887
888
903
1903
2299
888
903
1933
2090
2130
876
901
902
2130
1883
1013
1014
1996
2091
692
693
698
1014
2091
2120
2131
693
2091
2130
2131
696
698
1049
2120
2131
701
702
910
2119
2127
696
697
704
705
1049
2120
697
698
700
705
706
1049
704
1049
2120
699
700
1014
1049
2091
700
706
707
1013
1014
705
706
707
1014
1049
702
703
894
895
2119
2120
894
910
2127
704
709
710
895
1042
2120
705
708
709
710
1042
2120
706
708
710
707
708
708
2260
710
2260
710
1042
1043
2059
2102
2260
1042
2260
712
713
714
715
848
2260
713
715
2079
2259
2260
715
716
804
850
2079
715
716
848
849
716
801
849
850
718
719
937
938
2224
719
2110
2110
2224
2225
2226
724
725
848
2260
722
727
730
733
734
735
795
926
723
724
727
732
733
926
2260
724
727
725
727
2260
727
798
848
849
2260
728
729
731
2110
2226
730
794
795
798
848
849
2085
729
731
736
2226
736
959
735
794
795
736
2226
733
739
926
2260
739
926
735
926
934
935
2108
789
795
926
935
2080
2108
2109
886
1082
1921
2225
2226
738
739
740
782
783
784
926
934
935
739
740
783
946
926
934
2260
741
769
783
946
751
768
769
783
946
1083
1830
1879
1898
1919
1921
744
745
2261
745
2261
752
946
947
2280
748
2262
749
750
845
752
768
906
946
947
2284
946
947
2280
2284
754
755
756
2294
2316
2317
755
756
2294
756
763
2317
2294
758
760
772
2023
760
771
772
928
2023
762
763
765
766
2315
2317
2023
762
763
975
2004
763
765
2004
2005
2317
2004
2317
765
766
2005
766
2005
2315
768
769
770
905
929
769
905
906
946
2141
2142
770
780
781
782
783
777
778
779
780
781
929
772
773
774
776
777
928
929
773
774
846
880
928
774
775
846
880
881
775
776
777
881
776
787
822
823
881
777
786
787
822
778
786
929
779
785
786
780
785
781
785
945
782
784
785
944
945
783
784
944
784
934
935
944
786
788
789
791
945
787
788
791
816
821
816
819
821
822
789
790
791
821
945
2080
790
935
944
945
2080
2108
791
792
793
796
797
2080
792
821
796
797
821
794
795
796
2080
2085
2109
795
796
2085
2109
2108
2109
797
2085
2086
821
2085
2086
799
800
807
848
849
2085
2086
800
801
802
803
807
2086
801
802
849
802
849
850
803
804
850
851
804
806
807
851
1970
850
851
2079
810
811
1052
1973
2113
2138
2194
807
851
872
1970
808
815
872
2086
809
815
872
2086
814
815
872
2193
811
812
813
852
1052
1973
2193
812
852
1973
817
824
852
1973
814
820
852
853
2193
815
816
820
853
2193
816
820
2086
2193
819
820
821
2086
818
824
852
853
820
822
823
824
853
820
822
822
823
853
2086
823
881
824
846
880
881
846
880
1973
826
827
846
847
1973
827
828
1973
1974
828
1974
829
830
1974
830
831
831
1068
1974
2138
832
854
1068
2138
854
855
1068
1909
2164
2221
835
2154
2078
2160
2195
992
1008
2295
2296
879
960
1983
988
1168
1169
1984
2032
2178
2179
841
842
968
993
2295
842
968
1619
2045
968
993
1036
2002
1010
2065
2151
989
1169
1172
1190
1196
1936
2301
2302
847
880
1973
1973
849
2260
850
2079
860
861
963
1970
2079
853
855
927
1068
857
858
859
859
859
861
963
964
863
970
970
865
1918
1918
967
1053
1054
1960
2222
2247
2248
2272
889
1932
1976
1996
869
870
870
2052
1970
2193
999
2017
875
1972
1980
1972
1980
909
910
2127
2130
2131
978
979
1001
1004
1005
2000
2034
2035
960
1983
881
883
896
1070
1899
2164
2189
1025
1070
1899
2074
2164
2189
897
898
918
919
1884
1889
2068
2069
886
941
941
1082
2053
2201
2225
903
1933
899
916
1884
1976
1996
2297
1895
1896
912
913
2164
2137
2216
2101
895
2101
2102
1042
1043
2101
2102
912
1065
2164
898
899
1884
1889
2068
899
1884
2068
2069
1884
1976
1021
2078
2153
2154
902
903
1903
903
1903
1903
1980
2019
2175
2177
929
2022
2141
2142
2141
1059
1903
1917
909
910
914
2101
2230
2231
910
2229
2230
2231
914
2101
2127
2231
2059
2101
2102
2128
2129
913
931
1017
1032
2164
2271
2164
2101
916
2305
2241
919
950
1888
1889
1889
2068
2069
921
1063
1940
2152
2272
2273
1023
1063
1047
1048
1066
1067
2143
2145
2177
1084
1906
925
1045
1045
934
1068
1069
2139
929
2022
2023
2022
931
932
2111
2270
2271
932
1017
1032
2111
2271
2073
2111
2271
936
1061
1078
2213
2325
935
2108
944
2108
1061
1078
2213
2325
938
2224
1077
1887
1900
2212
2227
941
1083
1866
1872
1873
1876
1082
1083
1920
1921
943
1028
1029
1030
1027
1029
2051
945
2108
947
2280
952
1062
1079
2063
2064
953
1012
1881
951
1888
1902
1981
2188
2297
2299
2300
1902
2297
2298
2299
973
1072
2064
1881
2233
2234
955
956
1881
956
1075
1076
1881
1905
1076
1881
1905
2243
2244
2248
959
972
1007
1904
1934
1991
2006
2007
2161
2162
1959
2113
2139
964
965
1970
965
2076
967
1023
1024
1053
2311
2312
1023
1024
2272
1036
2002
1934
1940
2152
2161
971
2015
1007
2045
1051
1072
1907
2003
2010
975
1691
2225
2211
2214
2215
2237
2248
2096
979
980
1001
1002
1004
1005
980
1005
1040
982
983
2248
983
2067
2248
2217
985
986
1009
2152
986
2217
2218
2269
989
1168
1169
2178
1169
1172
2050
2178
1007
1008
992
2295
2296
993
2295
2296
1037
2295
1000
2016
2104
2105
999
1002
1006
997
999
1001
1003
1001
1002
1003
2016
2017
1002
1003
1004
1006
1004
1005
1040
1881
1008
1010
2151
2065
2151
1012
1014
1996
2091
1016
1885
1900
1913
1885
1887
1900
1913
1032
1033
2088
2270
2271
1019
2324
2325
1031
2324
2325
1021
2078
1886
2228
1024
1063
1063
2272
1056
1070
1071
2074
2236
2163
2164
1028
1029
2051
2052
1029
1030
1030
1881
2051
2234
1945
2154
2324
2325
1033
2088
2270
2271
1060
2087
2088
2089
2270
2325
1035
2192
2236
2274
2275
2024
2025
2216
2219
2236
2274
2002
1038
2172
2281
1045
1929
1944
1963
2239
2240
2253
2260
2279
2280
1043
2102
2059
2102
2260
1045
1895
1896
1963
1964
2249
1895
1896
1929
1944
1963
2000
2032
2033
2034
1048
2145
2120
2131
1085
1072
1073
1995
2003
2010
2011
2014
2193
2194
1054
2312
1960
2222
1056
2147
1070
1071
2147
1058
1059
1981
1982
2300
1059
1903
1981
2300
1917
1982
1061
2087
2173
2325
2213
2325
1079
1080
2063
2272
2273
1065
2073
2074
2073
2074
1067
2143
2144
2177
2242
1069
2138
2139
2138
2139
1071
1899
2164
2189
2147
1073
1079
1995
2014
1075
1954
1076
1905
1906
1078
2212
2213
2227
2228
2212
2213
2325
1080
1995
2063
1995
2014
2015
1953
1954
2060
2062
1083
1920
1921
2226
1830
1872
1873
1876
1879
1898
1919
1920
1921
1085
1088
1090
1091
1092
2276
1089
1093
1096
2028
2276
1090
1105
1096
1097
2028
2263
2264
1091
1105
1994
1092
1105
1993
1994
2276
1095
1993
2276
1094
1096
2276
1095
1096
1097
1098
1099
1100
2276
1100
1993
2185
2186
2276
1097
1098
2264
1098
1099
1101
2264
1099
1100
1100
1101
1137
2264
1101
1128
1137
1927
1999
2185
1106
1137
1138
2031
2198
2263
2264
1105
1108
1109
1110
1115
1927
1993
1994
2186
1106
1107
1111
1113
2198
2199
2028
2031
2198
2199
1109
1994
1107
1138
2198
1111
1113
1137
1138
1139
1109
1110
1119
1120
1148
1115
1119
1120
1998
1112
1113
1114
2038
2199
1114
1116
1121
2038
2039
1114
1137
1139
1116
1139
1927
1998
1999
1121
1139
2038
2039
1118
1125
1950
1951
1121
1950
1951
2039
1120
1146
1148
1938
1997
1998
1139
1951
1952
2038
2039
1123
1132
1164
1925
2322
1164
1925
1926
1128
1140
1143
1145
1146
1997
1999
1949
1950
2075
1127
1131
1925
1926
1949
2075
1131
1925
2075
2320
2321
1136
1137
1140
1142
1927
1999
1130
1133
1134
1135
1154
1967
1132
1134
1135
1149
1151
2320
1132
1925
2320
2321
1135
1164
1925
1967
2320
2322
1134
1151
1154
1135
1149
1151
1967
2320
1137
1139
1140
1142
1138
1139
1140
1142
1141
1142
1144
1161
1164
1952
1141
1142
1143
1144
1145
1999
1142
1143
1144
1161
1144
1145
1159
1160
2204
1160
1161
1146
1159
1148
1159
1938
1939
1997
1148
1152
1156
1938
1938
1997
1150
1151
2257
2258
2320
2321
1151
1153
1154
2165
2258
1154
2165
2258
1155
1156
1167
1938
2107
2165
2257
2258
1967
2165
2322
2323
1156
1166
1167
2107
1159
1166
1938
1939
2158
1158
2165
2166
2257
2257
1160
1939
2158
2204
1161
1162
1163
1164
1165
1947
2204
2256
1162
1164
1163
1164
2255
2255
2256
1890
1926
1952
2255
2322
1947
2204
2322
2323
2107
2158
2159
2204
2323
2107
2159
1169
1170
1171
1948
1984
2032
1170
1171
1172
1171
1172
1948
1172
1948
2313
2314
1189
1190
1191
2313
1177
1179
1183
1948
2309
2314
1175
2287
2288
2289
2290
1214
1215
1216
2288
2289
1180
1182
1207
1210
2287
2288
1178
1179
1183
2309
2310
1179
1293
1295
1297
2309
2310
1181
1183
1185
1186
1293
1182
1184
2287
1183
1185
1251
1252
1278
1291
1293
1184
1188
1203
1205
1207
1210
1185
1186
1187
2313
2314
1188
1186
1211
1249
1251
1252
1187
1208
1211
1249
1189
1208
1211
2313
1202
1203
1205
2277
1190
1191
1206
1208
1209
1891
2313
1191
1196
1206
1935
1936
1206
1935
1936
1193
1200
1201
1202
2277
1194
1200
1201
1197
1198
1200
1196
1219
1937
2055
1936
1937
1198
1200
1277
2134
1199
1200
2134
2134
2135
1201
1277
2134
1202
1261
1277
1203
1261
1277
2277
1205
1257
1259
1261
2277
1206
1219
1891
1892
1935
1936
1937
2055
1207
1253
1257
1259
1208
1209
1891
1892
1935
1936
1210
1248
1253
1257
2288
1209
1211
1211
1891
1212
1213
1247
1248
1253
2287
2288
1243
1249
1891
1213
1247
1248
2288
1214
1230
1231
1247
2288
1215
1229
1230
1231
2288
1216
1228
1229
1230
2289
1217
1220
1228
1229
2289
1218
1220
1221
1228
2289
1220
1221
1288
1975
2289
2290
1937
2055
1221
1222
1224
1226
1228
1222
1224
1288
1223
1224
1225
1288
1224
1225
1238
1239
1288
1225
1226
1227
1228
1226
1227
1238
1239
1227
1228
1229
1236
1237
1236
1237
1239
1240
1229
1236
1230
1234
1236
1231
1232
1234
1236
1232
1234
1242
1247
1233
1234
1235
1242
1234
1235
1241
1242
1235
1236
1237
1236
1237
1240
1241
1237
1240
1241
1239
1288
1333
1334
1574
1240
1332
1333
1241
1328
1330
1332
1242
1324
1326
1328
1330
1245
1247
1248
1322
1324
1244
1246
1249
1251
1254
1256
1258
1260
1891
1892
1246
1892
1978
2054
2055
1247
1248
1250
1320
1322
1324
1260
1262
1978
1248
1250
1253
1255
1257
1251
1254
1891
1255
1257
1319
1320
1322
1252
1254
1254
1276
1278
1291
1257
1256
1275
1276
1278
1257
1259
1263
1264
1317
1319
1320
1258
1274
1275
1276
1259
1317
1260
1272
1274
1275
1261
1263
1264
1317
2277
1262
1270
1272
1274
1264
1277
2277
1267
1270
1272
1978
2099
1264
1271
1273
1277
1281
1315
1317
1271
1277
1317
1268
1288
1958
1977
1979
2100
1269
1273
1281
1309
1311
1313
1268
1270
1282
1284
2099
2100
1282
1284
1958
1979
2099
2100
1273
1285
1296
1298
1309
1311
1272
1282
2099
1273
1277
1281
2134
2135
1274
1280
1282
1281
1283
1285
1286
2135
1275
1280
1282
1276
1280
1278
1279
1280
1316
1318
1325
2041
2134
2135
1279
1291
1291
1310
1314
1316
1318
1282
1318
2041
1311
1313
1315
1317
1284
2041
1285
1286
1287
2135
1955
1958
2041
1286
1296
1287
1292
1294
1296
1289
1290
1292
1334
1574
1957
1958
1975
1977
1290
1292
1387
1292
1294
1383
1385
1387
1293
1308
1310
1314
1294
1296
1383
1295
1306
1308
1310
1296
1298
1300
1371
1383
1297
1299
1302
1306
1308
1298
1309
1299
1321
2310
1300
1309
1302
1306
1321
1301
1307
1309
1369
1371
1383
1305
1307
1309
1356
1369
1371
1304
1306
1321
1343
1607
1880
1961
1305
1322
1324
1326
1346
1348
1356
1306
1308
1339
1341
1343
1880
1307
1320
1322
1324
1356
1308
1309
1311
1313
1319
1320
1322
1310
1312
1339
1311
1312
1314
1313
1319
1314
1335
1339
1412
1315
1319
1316
1335
1412
1317
1319
1318
1325
1412
1319
1325
1412
2041
1320
1322
1607
1961
2150
2309
2310
1324
1325
1327
1329
1427
1990
2041
1326
1327
1412
2041
1328
1345
1346
1348
1329
1331
1412
1427
2041
1330
1344
1345
1346
1331
1412
1422
1423
1425
1426
1427
1332
1342
1344
1345
1335
1353
1412
1421
1422
1423
1333
1340
1342
1344
1334
1338
1340
1336
1338
1572
1574
1337
1339
1351
1353
1412
1338
1340
1557
1562
1572
1339
1341
1349
1351
1340
1555
1557
1562
1341
1342
1555
1557
1343
1347
1349
1344
1554
1555
1347
1880
1345
1553
1554
1555
1346
1552
1553
1554
1348
1552
1553
1349
1357
1359
1361
1880
1350
1354
1356
1552
1351
1355
1357
1359
1352
1354
1360
1551
1552
1353
1355
1357
1354
1360
1527
1537
1539
1551
1355
1376
1378
1412
1418
1421
1356
1358
1360
1362
1357
1372
1374
1376
1358
1369
1359
1368
1370
1372
1374
1360
1362
1367
1369
1361
1363
1365
1368
1370
1880
1362
1367
1523
1527
1537
1363
1365
1579
1582
1601
1602
1880
1364
1367
1521
1523
1527
1365
1366
1392
1393
1579
1602
1367
1373
1521
1523
1366
1368
1388
1390
1393
1390
1392
1393
1369
1371
1373
1370
1386
1388
1390
1371
1372
1384
1386
1388
1373
1381
1383
1374
1382
1384
1386
1375
1381
1521
1376
1380
1382
1384
1377
1379
1381
1495
1519
1521
1378
1380
1382
1379
1396
1397
1403
1405
1495
1519
1521
1380
1404
1406
1414
1416
1417
1418
1476
1381
1383
1385
1391
1396
1397
1495
1519
1521
1382
1402
1404
1383
1385
1391
1396
1384
1400
1402
1404
1385
1391
1386
1398
1400
1402
1387
1389
1391
1388
1398
1400
1987
1389
1391
1390
1395
1398
1987
1391
1394
1396
1393
1395
1987
1394
1396
1393
1395
1482
1564
1566
1579
1395
1482
1396
1397
1399
1482
1987
1988
1397
1399
1399
1403
1400
1479
1985
1987
1401
1403
1402
1478
1479
1985
1403
1409
1411
1404
1476
1478
1479
1405
1407
1409
1411
1406
1476
1478
1407
1493
1495
1519
1408
1410
1414
1416
1475
1476
1409
1413
1477
1493
1495
1410
1414
1466
1467
1469
1475
1476
1411
1413
1493
1414
1459
1464
1466
1413
1419
1415
1419
1477
1493
1416
1443
1444
1459
1464
1419
1420
1445
1472
1477
1480
1941
1417
1442
1443
1444
1418
1440
1442
1443
1421
1422
1440
1442
1420
1445
1477
1431
1445
1422
1440
1423
1438
1440
1424
1425
1426
1434
1436
1437
1438
1440
1425
1430
1432
1433
1434
1436
1437
1438
1426
1430
1990
1427
1430
1990
1990
2041
1429
1431
1439
1441
1445
1451
1431
1435
1439
1441
1432
1433
1736
1738
1739
1990
1435
1445
1433
1453
1454
1739
1769
1770
1434
1453
1454
1436
1437
1452
1453
1454
1439
1441
1451
1437
1438
1452
1453
1438
1452
1453
1440
1442
1443
1452
1453
1441
1451
1442
1451
1443
1452
1444
1446
1449
1452
1446
1449
1457
1459
1448
1451
1472
1941
1447
1449
1450
1457
1458
1449
1450
1454
1457
1458
1774
1775
1451
1941
1450
1452
1453
1452
1453
1454
1456
1460
1461
1463
1655
1941
1453
1454
1458
1769
1770
1772
1773
1774
1775
1456
1465
1941
1942
1460
1463
1465
1941
1942
1458
1459
1459
1462
1774
1775
1778
1782
1462
1464
1778
1782
1461
1463
1463
1655
1656
1657
1464
1782
1783
1790
1465
1655
1656
1657
1466
1782
1783
1784
1790
2001
2207
1654
1656
1657
1941
1942
1467
1784
1790
2001
2058
2207
1469
1470
1492
1494
1496
2001
2058
2202
1471
1481
1483
1638
1640
1653
1654
1941
1942
1470
1474
1475
1494
1473
1474
1475
1488
1492
1494
1472
1480
1481
1483
1941
1942
1480
1481
1941
1474
1478
1479
1488
1985
1986
1475
1476
1478
1479
1488
1492
1476
1478
1480
1489
1493
1479
1488
1985
1986
1481
1487
1489
1493
1483
1486
1487
1489
1484
1561
1564
1566
1579
1988
1485
1486
1487
1638
1640
1514
1516
1543
1561
1564
1988
1486
1637
1638
1487
1505
1506
1508
1618
1637
1489
1491
1501
1505
1506
1490
1492
1509
1511
1985
1986
1491
1493
1492
1504
1507
1509
1511
1986
1493
1497
1499
1501
1505
1494
1502
1504
1507
1495
1497
1499
1496
1498
1502
1504
1497
1519
1521
1498
2058
2202
1499
1517
1519
1500
1502
2202
1501
1515
1517
1519
1502
1504
1528
1530
1503
1505
1515
1517
1504
1528
1505
1513
1515
1507
1526
1528
1506
1513
1508
1510
1513
1509
1524
1526
1528
1510
1618
1637
2267
1511
1524
1526
1986
1513
1618
2265
2267
1512
1522
1524
1986
1514
1520
1522
1986
1988
1515
1525
1529
1533
2265
1516
1518
1520
1522
1986
1988
1517
1523
1525
1529
1518
1520
1543
1561
1988
1519
1521
1523
1525
1520
1536
1538
1543
1561
1521
1523
1522
1534
1536
1538
1523
1524
1532
1534
1536
1525
1527
1526
1530
1532
1534
1527
1529
1531
1528
1530
1529
1531
1537
1530
1531
1533
2265
1532
1533
1535
1537
1539
1534
1535
1544
1716
2265
2266
1536
1537
1539
1542
1544
1538
1539
1551
1543
2303
1541
1542
1549
1551
1556
1644
1646
2303
2304
1542
1546
1549
1550
1551
1544
1545
1546
1549
1561
2303
1545
1546
1605
1716
2266
1546
1547
1598
1600
1605
1547
1548
1549
1558
1559
1548
1558
1559
1591
1593
1596
1598
1600
1714
1549
1550
1554
1555
1558
1559
1550
1551
1551
1552
1553
1554
1555
1558
1552
1553
1553
1554
1555
1558
1557
1558
1560
1571
1573
1644
1646
2070
2071
2072
2304
1558
1560
1562
1565
1559
1560
1560
1565
1567
1596
1598
1562
1565
1567
1564
1566
1568
1569
1571
2303
2304
1563
1565
1572
1565
1570
1572
1566
1569
1579
1567
1570
1569
1578
1579
1582
1585
1597
1599
1570
1577
1596
1915
1931
1569
1571
1576
1578
2304
1578
1572
1575
1577
1915
1931
1573
1576
1578
2071
2304
1574
1575
1577
1576
2070
2071
2072
2304
1575
1957
1577
1957
2042
1578
1585
1586
2071
1915
1931
1957
2041
2042
1585
1586
1582
1602
1581
1584
1732
1734
1911
1928
1931
1911
1912
1931
2041
1585
1597
1599
1601
1602
1604
1584
1587
1589
1730
1732
1928
1730
1732
1734
1928
1931
1586
1597
1599
1592
1594
1595
1597
2071
1589
1591
1593
1728
1730
1915
1928
1589
1591
1714
1715
1717
1726
1728
1729
1591
1728
1729
1730
1592
1617
1619
1627
2070
2072
2156
1593
1714
1715
1717
1594
1617
2071
2072
2155
1596
1598
1915
1595
1597
1612
1614
1617
2155
1597
1599
1604
1606
1612
1614
1962
2155
1598
1915
1599
1604
1606
1600
1603
1713
1714
1601
1604
1606
1603
1605
1602
1604
1607
1880
1604
1607
1880
1605
1712
1713
1714
1716
1606
1607
1609
1716
1607
1609
1612
1962
1609
1880
1961
1610
1611
1711
1712
1716
2266
1961
1962
1611
1615
1616
1711
1716
2266
2267
1613
1615
1616
1666
1710
1711
1614
1961
1962
1615
1621
1622
1624
1666
1710
1711
2155
1616
1620
1621
1622
1618
1620
1621
2266
2267
1619
2155
2156
1620
1636
1637
2267
1627
2045
2156
2251
1621
1635
1636
1637
2267
1622
1634
1635
1636
1624
1632
1634
1635
1633
2003
2010
2252
1625
1626
1632
1664
1665
1666
1667
2092
1626
1628
1632
1664
2092
1628
1662
1664
2092
1629
1631
2070
2072
2251
1630
1632
1647
1662
1664
2036
2037
2092
1631
1641
1644
2070
2072
2251
1632
1647
1650
2036
1633
1641
2010
2011
2251
2252
1634
1647
1648
2003
2010
2011
2251
2252
1635
1647
1648
1636
1639
1645
1648
1637
1638
1639
1645
1638
1639
1639
1640
1643
1640
1643
1645
1643
1653
1642
1644
1646
2011
1646
2011
2187
2303
1645
1652
1653
1646
2070
1648
1649
1652
1653
2303
1648
1649
1650
1649
1650
1652
1651
1652
2036
1652
1654
1661
2036
2037
2092
1653
1654
1661
1654
1942
1656
1657
1658
1661
1942
1656
1657
1659
1660
1657
1942
1658
1659
1660
1660
1660
2036
2037
2092
1664
2036
2037
2092
1664
1665
1673
1674
2092
1665
2092
1666
1667
1668
1673
1667
1705
1710
1711
1668
1673
1705
1710
1669
1672
1673
1705
1670
1671
1672
1673
1701
1705
1671
1672
1678
1679
1697
1700
1701
1705
1672
1675
1676
1677
1678
1682
2040
1673
1674
1675
2040
1674
1675
2092
2040
2092
1677
1682
1683
1684
1688
2040
1678
1679
1681
1682
1697
2040
1679
1697
1700
1680
1681
1686
1692
1696
1697
1700
1681
1686
1692
1696
1697
1682
1685
1686
1683
1684
1685
1684
1685
1688
1965
1685
1688
1965
1686
1687
1688
1965
1687
1692
1965
1692
1693
1797
1965
2013
1690
1965
1966
2040
2092
2307
1965
1966
2308
1965
1966
2307
2308
1693
1696
1697
1797
2013
1694
1695
1696
1795
1797
2013
1695
1753
1792
1794
1795
1696
1698
1699
1720
1721
1753
1792
1697
1698
1698
1700
1699
1700
1720
1700
1701
1702
1720
1701
1702
1705
1702
1703
1704
1705
1703
1704
1719
1720
1704
1706
1707
1719
1720
1705
1706
1707
1706
1710
1707
1708
1709
1710
1708
1709
1718
1719
1709
1712
1713
1718
1719
1710
1711
1712
1713
1711
1712
1713
1716
1714
1716
1718
1715
1717
1718
1717
1718
2266
1718
1719
1724
1725
1726
1728
1729
1719
1720
1724
1726
1720
1723
1724
1725
1721
1723
1724
1725
1722
1723
1753
1723
1725
1727
1750
1751
1752
1753
1754
1724
1725
1727
1725
1726
1727
1726
1727
1727
1728
1729
1749
1750
1749
1750
1729
1730
1731
1730
1731
1748
1749
1731
1732
1732
1747
1748
1749
1734
1745
1746
1747
1748
1734
1735
1736
1737
1746
1911
1912
1737
1746
1911
1912
1736
1737
1912
1990
1737
1738
1990
1738
1744
1745
1746
1739
1740
1741
1743
1744
1745
1740
1741
1769
1741
1742
1743
1744
1766
1767
1768
1769
1770
1771
1769
1743
1761
1762
1768
1744
1747
1761
1762
1745
1747
1761
1746
1747
1747
1748
1761
1749
1750
1760
1761
1750
1751
1760
1752
1759
1760
1753
1754
1758
1759
1760
1754
1755
1792
1755
1758
1759
1760
1792
1756
1757
1758
1759
1792
1757
1758
1792
1794
1796
1758
1763
1764
1793
1796
1759
1760
1763
1764
1760
1761
1762
1763
1761
1762
1763
1768
1764
1766
1767
1768
1765
1766
1767
1793
1796
2205
1766
1771
1773
1774
1793
2205
2206
1767
1771
1793
1768
1771
1770
1771
1772
1772
1773
1774
1773
1774
1774
1775
2205
2206
1777
1778
2206
1777
1791
2081
2082
2084
2205
2206
1778
1779
1780
1787
1791
2083
2084
2206
1779
1782
2206
1780
1781
1782
1783
1781
1787
2083
1782
1783
1787
1790
1783
1790
1785
1786
1790
2001
2207
1786
1788
1842
1843
1844
2207
2208
1787
1788
1790
2207
1788
1789
1790
2083
1789
1790
1843
1833
1842
1843
2083
2001
2009
2081
2082
2084
1794
1796
2082
2205
1795
1796
1797
2008
2009
1797
1797
2009
2081
2082
1798
2008
2009
2013
1799
1801
1802
1812
2008
2012
2013
1800
1801
1802
2008
2009
1801
1803
1804
2009
1802
1803
1804
1803
1805
1809
1810
1811
1812
1804
1805
1809
1833
1805
1833
2009
1806
1808
1809
1833
1807
1808
1820
1833
1834
1897
1808
1818
1819
1820
1897
1809
1817
1818
1819
1810
1817
1818
1811
1815
1816
1817
1812
1814
1815
1816
1813
1814
1815
2012
1814
1824
2012
2013
1815
1823
1824
2012
1816
1823
1824
1817
1822
1823
1818
1821
1822
1819
1820
1821
1822
1820
1821
1897
1821
1828
1897
1822
1827
1828
1823
1825
1827
1828
1824
1825
1826
1827
1826
2013
1826
1827
1828
1827
1828
1965
2013
2308
1828
1897
1898
1831
1832
1834
1897
1898
1831
1832
1879
1898
1832
1898
1834
1835
1836
1837
1879
1834
1842
1843
2009
2083
2084
1835
1836
1837
1838
1841
1842
1843
1897
2117
1836
1837
1838
1877
1879
2116
2117
1839
1840
1841
2117
1840
1841
1849
1850
1851
1852
2117
1841
1842
1844
1848
1849
1850
1842
1843
1844
1848
1844
2083
1848
2207
2208
1856
1862
2202
2203
1847
1850
1851
1852
1853
1854
1855
1871
1849
1850
1851
1855
1871
2208
1849
2208
1850
2208
1851
1852
1853
2117
1853
1868
1869
2116
2117
1854
1855
1868
1869
1855
1856
1857
1858
1868
1856
1857
1871
2203
1857
1862
1871
2203
1858
1862
1859
1861
1862
1867
1868
1870
1860
1861
1862
1861
1862
1863
1865
1865
1867
1868
1870
2168
1863
1864
2101
1864
1865
1865
2167
2168
1867
1872
1873
1989
2167
2168
1868
1870
1872
1873
2168
1869
1870
1870
1877
2116
1872
1873
1874
1877
2058
2202
2203
2208
1873
1874
1875
1876
1875
1876
1875
1877
1878
1879
1876
1878
1879
1878
1879
1879
2116
1879
1898
1961
2018
2094
2095
1883
2053
2200
2201
2224
2225
2149
2200
2201
1888
1889
1976
2297
1886
1887
1904
1992
2007
2228
1887
1992
2228
1900
2227
2228
1889
2297
2297
1926
1949
1950
1952
1892
1937
2054
2055
1894
1959
2139
2125
1896
2249
1898
2164
2189
1913
2227
2024
2025
2044
2236
1981
2298
2299
2300
1917
1918
2299
1991
1992
2006
2007
1906
1908
1910
2002
1910
2106
2020
2163
2164
2221
2104
2105
2106
1912
2041
1990
2041
1922
1923
1924
1940
2273
2021
2137
2191
2192
2209
2244
2245
2246
2248
2268
2275
1928
1931
2209
2237
2238
2248
1918
1920
1921
1921
2225
2226
1923
1924
2273
1924
2273
2273
1926
1949
1949
1993
1999
2185
2186
1931
1944
1963
2146
2183
2184
2041
2042
1933
1976
1996
2090
2091
2090
2130
2161
2162
1936
1937
1937
2055
1939
1997
2158
2006
2007
2152
2273
1942
2063
1963
2239
1968
1969
2154
2221
2324
2140
2178
2179
2256
2322
1984
2150
2309
2313
2314
1950
2075
1951
1952
1952
1954
2060
2062
1956
1958
2041
1957
1958
2041
2042
1958
2042
2042
2139
2066
2222
2247
2248
1962
1984
2150
2309
1964
2249
2250
1966
2013
2308
2308
2322
1969
2221
2221
2076
2077
2193
1972
1980
2019
2020
1980
2019
2020
1974
2113
2138
2138
1977
2054
2290
2297
2298
1979
2054
1979
2054
2099
2100
2054
2100
2019
2020
1982
2187
2188
2299
2300
2303
2303
1984
2032
2150
1986
1987
1988
1987
1988
1988
2048
2167
2168
2041
1992
2161
2162
2007
2162
1994
2186
2014
2015
2090
2091
1998
1999
1999
2034
2035
2058
2207
2208
2003
2252
2010
2252
2005
2007
2009
2081
2082
2083
2084
2011
2013
2015
2123
2124
2123
2124
2017
2020
2164
2221
2244
2248
2268
2269
2023
2142
2025
2043
2044
2219
2220
2044
2236
2027
2063
2171
2172
2064
2031
2263
2030
2198
2199
2263
2264
2033
2034
2178
2179
2034
2035
2035
2037
2092
2039
2092
2042
2044
2236
2156
2047
2048
2049
2101
2048
2049
2101
2049
2167
2167
2140
2178
2052
2200
2201
2225
2055
2290
2202
2207
2208
2102
2129
2259
2260
2061
2062
2062
2171
2172
2151
2152
2282
2067
2222
2223
2248
2223
2248
2069
2249
2250
2249
2250
2071
2072
2072
2074
2235
2235
2236
2321
2077
2193
2193
2153
2154
2160
2195
2197
2259
2260
2108
2109
2082
2205
2205
2084
2086
2088
2089
2115
2173
2174
2089
2115
2174
2270
2114
2115
2174
2270
2091
2130
2130
2307
2161
2162
2196
2095
2098
2098
2100
2102
2231
2260
2228
2325
2105
2106
2106
2159
2109
2224
2226
2271
2113
2193
2194
2138
2139
2194
2115
2174
2174
2117
2121
2126
2133
2120
2127
2131
2127
2131
2122
2126
2125
2126
2124
2249
2249
2126
2131
2129
2291
2131
2133
2135
2241
2242
2216
2245
2246
2269
2275
2139
2194
2178
2142
2144
2177
2241
2242
2146
2176
2177
2170
2176
2177
2183
2184
2236
2149
2309
2310
2152
2154
2156
2173
2174
2286
2159
2204
2323
2204
2323
2195
2196
2162
2196
2282
2196
2164
2189
2166
2257
2168
2170
2176
2183
2176
2183
2172
2174
2176
2177
2177
2183
2179
2181
2182
2191
2192
2182
2191
2192
2191
2192
2184
2283
2186
2188
2303
2303
2190
2192
2209
2275
2194
2196
2197
2197
2199
2201
2203
2208
2323
2206
2208
2238
2248
2211
2214
2247
2272
2273
2214
2215
2247
2248
2213
2227
2215
2237
2219
2220
2274
2275
2218
2243
2269
2243
2244
2268
2269
2220
2274
2275
2274
2324
2223
2225
2226
2226
2228
2230
2231
2231
2254
2234
2236
2238
2248
2285
2240
2253
2260
2242
2244
2248
2268
2269
2248
2268
2269
2246
2248
2272
2273
2268
2250
2252
2254
2260
2260
2256
2322
2322
2258
2320
2321
2260
2262
2264
2266
2267
2267
2269
2271
2273
2275
2284
2286
2288
2290
2292
2294
2301
2302
2316
2296
2298
2300
2302
2304
2306
2310
2314
2312
2314
2317
2317
2319
2321
2323
2325
